#    0.016  -6.849  70.909 ;Mean Elev.(m), Avg Gradient(m/km), RMS Gradient(m/km)
   1 236.624045  46.147968   150.255   150.318  3 54668.68973730  3.522
   3 236.620637  46.147955   -44.368   -44.344  5 54688.52102401  8.263
   5 236.624843  46.147138   -32.742   -32.742  2 54708.35230776  8.920
   7 236.624585  46.147701   -14.207   -14.207  2 54728.18360839 18.375
  17 236.624729  46.148552     0.577     0.560  3 54827.34003996 26.684
  18 236.621009  46.147811     1.455     1.382  4 54837.25567842 36.227
  19 236.618541  46.149650     2.344     1.979  5 54847.17132790 28.426
  20 236.615892  46.150383     0.929     0.823  4 54857.08697674 41.581
  21 236.614638  46.151296     0.372     0.356  4 54867.00262586 43.508
  22 236.615647  46.152063     1.010     1.058  4 54876.91827460 29.012
  23 236.616157  46.149826     1.597     1.638  4 54886.83391972 31.064
  24 236.617732  46.149167     1.793     1.811  4 54896.74956175 28.954
  25 236.619071  46.149911     1.276     1.226  4 54906.66520120 31.490
  26 236.618154  46.148660     1.023     1.072  4 54916.58083871 29.653
  27 236.618918  46.148492     1.016     0.932  4 54926.49647630 47.141
  28 236.620374  46.147014     1.291     1.286  4 54936.41211306 28.639
  29 236.625472  46.147503     1.334     1.036  3 54946.32774863 26.924
  32 236.626137  46.146759     1.052     1.270  3 54976.07467736 27.888
  33 236.623778  46.147715     0.892     0.892  2 54985.99032516 27.150
  34 236.622579  46.148219   -19.056   -19.033  4 54995.90597308  8.975
  35 236.620715  46.147349     0.549     0.614  4 55005.82161909 35.625
  36 236.619385  46.147364     0.594     0.694  4 55015.73726303 29.074
  37 236.618545  46.148328     0.802     0.774  4 55025.65290567 26.919
  38 236.618276  46.149966     1.159     1.229  4 55035.56854786 25.199
  39 236.619153  46.149634     0.484     0.418  4 55045.48418896 26.341
  40 236.621509  46.146961     0.327     0.273  4 55055.39982795 35.324
  41 236.627227  46.146889     0.274     0.280  3 55065.31546547 26.171
  42 236.626377  46.146663     1.044     1.105  3 55075.23111328 24.288
  43 236.622708  46.146803     1.361     1.233  3 55085.14676087 32.854
  44 236.620451  46.148675     1.217     1.304  4 55095.06240747 25.781
  45 236.618424  46.148142     0.533     0.560  4 55104.97805356 26.092
  46 236.618700  46.147731     0.303     0.315  4 55114.89369968 26.565
  47 236.620529  46.147277     0.609     0.663  5 55124.80934350 27.983
  48 236.622197  46.147053     1.367     1.406  3 55134.72498457 33.851
  49 236.622850  46.146988     1.637     1.779  3 55144.64062329 29.316
  50 236.622920  46.147699     1.838     1.629  4 55154.55626124 32.592
  51 236.625367  46.150127     0.449     0.449  2 55164.47189995 44.289
  52 236.623636  46.146687     0.268     0.297  3 55174.38753696 32.165
  53 236.626478  46.147174   155.163   155.163  2 55184.30317639  1.412
  55 236.618922  46.148388     1.143     1.239  4 55204.13447694 29.187
  56 236.616395  46.150241     2.392     2.346  4 55214.05012644 30.781
  57 236.616563  46.151765     1.378     1.344  4 55223.96577571 31.178
  58 236.617282  46.150355     1.080     0.990  4 55233.88142286 30.299
  59 236.619091  46.147802     0.815     0.777  4 55243.79706662 37.749
  61 236.621137  46.149942     0.998     1.152  3 55263.62834671 28.406
  62 236.619047  46.149685     1.335     1.284  4 55273.54398403 44.550
  63 236.619585  46.148516     1.969     1.958  5 55283.45962096 40.495
  64 236.625010  46.148542     1.222     1.173  3 55293.37525718 36.437
  66 236.629250  46.147855     0.924     0.885  3 55313.20654111 32.126
  67 236.625118  46.146641     0.994     0.763  3 55323.12218588 28.042
  68 236.623051  46.148269     1.124     1.124  2 55333.03783024 25.691
  69 236.621014  46.148565     1.524     1.813  4 55342.95347431 29.004
  70 236.621204  46.148371     1.193     1.186  4 55352.86911818 27.780
  71 236.621400  46.147126     1.049     0.876  4 55362.78475966 26.206
  72 236.622571  46.147957     0.245     0.233  3 55372.70039958 28.272
  74 236.621567  46.147565     2.054     2.031  3 55392.53167494 26.479
  75 236.625111  46.148123     1.187     1.316  3 55402.44731114 27.077
  76 236.625618  46.147608     0.254     0.254  2 55412.36296213 27.333
  77 236.627031  46.147555     0.304     0.304  2 55422.27861142 42.606
  78 236.626795  46.147485    -0.187    -0.247  3 55432.19425794 39.694
  79 236.623028  46.147592     1.733     1.712  4 55442.10990235 33.399
  80 236.620512  46.148895     1.922     1.883  4 55452.02554573 26.364
  81 236.619047  46.148147     1.794     1.871  4 55461.94118813 26.370
  82 236.621610  46.147125     0.627     0.659  4 55471.85682926 26.410
  83 236.626502  46.147287     0.384     0.384  2 55481.77246792 26.777
  86 236.625650  46.146711     1.136     1.117  3 55511.51938139 27.027
  88 236.620299  46.147584     1.351     1.351  5 55531.35067875 42.843
  90 236.620062  46.147804     2.358     2.446  4 55551.18197012 28.672
  91 236.618660  46.148714     0.342     0.304  4 55561.09761347 33.653
  93 236.618618  46.149079     2.693     2.691  4 55580.92889775 43.393
  94 236.622035  46.147775     1.984     1.802  3 55590.84453639 32.149
  95 236.627661  46.147007     0.797     0.797  2 55600.76017208 42.814
 100 236.624369  46.147359     2.340     2.307  3 55650.33838682 47.575
 101 236.627301  46.147905     1.044     0.934  3 55660.25403174 29.187
 102 236.627206  46.147396     1.203     1.408  3 55670.16967283 29.067
 103 236.625466  46.147359     0.993     0.998  3 55680.08531213 30.442
 105 236.624817  46.147548     1.812     1.812  2 55699.91658598 26.194
 106 236.626247  46.147352     1.264     1.495  3 55709.83222515 29.007
 107 236.624541  46.147415     1.371     1.371  2 55719.74787540 26.039
 108 236.622367  46.147620     1.808     1.752  3 55729.66352325 36.013
 109 236.620875  46.148121     0.937     0.954  4 55739.57916972 30.783
 110 236.619356  46.147849     1.066     1.038  4 55749.49481474 25.684
 111 236.620030  46.147457     2.538     2.479  4 55759.41045753 49.889
 112 236.623668  46.148007     1.555     1.668  3 55769.32609797 25.333
 113 236.627490  46.147654     0.967     0.774  3 55779.24173507 27.011
 116 236.628872  46.147415     0.606     0.601  3 55808.98864929 26.524
 117 236.626742  46.148009     1.001     1.188  3 55818.90429845 27.059
 118 236.627114  46.147214     1.295     1.295  2 55828.81994332 26.227
 122 236.626832  46.147561     0.380     0.380  2 55868.48250365 46.197
 123 236.622933  46.147546     0.895     1.043  3 55878.39815472 26.727
 133 236.624796  46.147323     0.913     0.913  2 55977.55458441 29.262
 134 236.626647  46.147371     1.605     1.611  3 55987.47022045 48.463
 135 236.629409  46.147710     1.395     1.279  3 55997.38585947 34.944
 142 236.626565  46.147505     0.641     0.643  3 56066.79535674 31.658
 143 236.624967  46.148004     1.766     1.707  3 56076.71100492 45.920
 144 236.621039  46.147640     2.273     2.206  4 56086.62665340 36.313
 145 236.619993  46.148166     2.248     2.785  4 56096.54229976 24.753
 146 236.620408  46.147312     1.031     1.106  4 56106.45794381 33.045
 147 236.624280  46.147974     0.111     0.111  3 56116.37357402 29.778
 148 236.627816  46.147714     0.953     0.984  3 56126.28921191 27.632
 150 236.628624  46.147213     0.847     0.847  2 56146.12048905 26.858
 151 236.625711  46.147835     0.618     0.432  3 56156.03613872 26.275
 152 236.623435  46.147409     0.332     0.336  3 56165.95178737 27.040
 153 236.624509  46.148161     0.221     0.234  3 56175.86743426 26.821
 154 236.626286  46.148029     0.152     0.142  3 56185.78307601 26.846
 155 236.626975  46.147271     0.290     0.290  2 56195.69871368 27.427
 156 236.626801  46.147095     0.799     0.900  3 56205.61434825 27.567
 157 236.627508  46.147767     1.107     1.022  3 56215.52998142 42.539
 158 236.626408  46.146504     0.699     0.617  3 56225.44561965 39.039
 159 236.625199  46.147831     0.359     0.477  3 56235.36127504 46.704
 160 236.623008  46.146927     0.221     0.253  3 56245.27692609 40.003
 161 236.621977  46.147407     1.023     0.959  3 56255.19257254 35.764
 162 236.619760  46.146910   152.753   153.066  4 56265.10821484  5.807
 166 236.623307  46.147466     0.760     0.832  3 56304.77079971 29.395
 167 236.622918  46.147718     1.010     1.083  4 56314.68644267 27.987
 168 236.620536  46.147455     2.092     2.118  5 56324.60208318 42.890
 170 236.622455  46.147239     1.059     1.056  4 56344.43336220 27.502
 171 236.627804  46.147666     0.501     0.501  2 56354.34899947 30.931
 172 236.628303  46.146956     0.537     0.541  3 56364.26464339 46.624
 173 236.625085  46.147213     1.070     1.070  2 56374.18029195 28.675
 175 236.619588  46.150617     1.436     1.405  4 56394.01158227 28.538
 176 236.620342  46.151020   159.834   155.933  3 56403.92722471  0.722
 177 236.620063  46.147455     0.698     0.632  4 56413.84286338 29.590
 178 236.625584  46.147624     0.844     0.844  2 56423.75849825 44.737
 179 236.624776  46.147340     0.793     0.793  2 56433.67414275 31.336
 180 236.620265  46.148028     1.923     1.954  4 56443.58979458 35.642
 181 236.618587  46.150173     1.549     1.624  4 56453.50544432 26.050
 182 236.618265  46.149317     1.818     1.823  4 56463.42109088 48.085
 184 236.624692  46.147630     0.172     0.172  2 56483.25237458 28.628
 185 236.626188  46.147190     0.643     0.663  3 56493.16801141 26.272
 187 236.628231  46.147419     1.021     1.053  3 56512.99927933 25.873
 188 236.627543  46.147837     0.653     0.231  3 56522.91492834 27.263
 189 236.626195  46.147036     0.631     0.631  2 56532.83058055 27.067
 191 236.624499  46.147752    -0.026    -0.057  3 56552.66187412 28.581
 192 236.619836  46.146797     0.792     0.760  4 56562.57751618 24.986
 195 236.625279  46.148248     0.330     0.270  3 56592.32443259 37.406
 196 236.624391  46.147078     0.554     0.485  3 56602.24008276 41.826
 197 236.622911  46.147675     0.470     0.525  3 56612.15573222 27.062
 198 236.620546  46.147991     0.979     0.967  4 56622.07137729 38.405
 199 236.620179  46.149054     2.022     2.114  4 56631.98701982 27.642
 200 236.621685  46.147543     1.805     1.760  4 56641.90265788 30.783
 201 236.623999  46.147765     0.495     0.495  2 56651.81830741 28.390
 202 236.623926  46.146897     0.744     0.759  3 56661.73395736 32.811
 203 236.623337  46.147552     0.462     0.459  3 56671.64960431 40.563
 206 236.621064  46.147523   154.346   154.409  4 56701.39653086  1.977
 207 236.626946  46.147803     1.282     1.313  3 56711.31216563 33.700
 208 236.626078  46.146608     1.181     1.171  3 56721.22780948 37.349
 209 236.622289  46.147399   -13.648   -13.454  4 56731.14346095 22.196
 211 236.617521  46.150652     1.441     1.513  3 56750.97475306 28.213
 213 236.623141  46.147788     1.538     1.332  4 56770.80602414 31.617
 214 236.621571  46.147625     1.011     0.936  4 56780.72167763 28.708
 215 236.620285  46.149777     0.692     0.665  4 56790.63733277 32.471
 216 236.616625  46.150290     0.724     0.588  4 56800.55298414 27.897
 217 236.615557  46.150647     1.376     1.486  4 56810.46862883 27.131
 219 236.621226  46.148455     1.431     1.417  4 56830.29990469 29.203
 220 236.627121  46.147581   -13.434   -13.245  3 56840.21553780  8.000
 222 236.624568  46.147218     0.360     0.441  3 56860.04682682 27.884
 223 236.619725  46.147291     1.040     1.107  4 56869.96248028 26.664
 224 236.619343  46.149160     1.555     1.569  4 56879.87813194 29.024
 225 236.619020  46.148844     1.282     1.410  4 56889.79377961 25.829
 226 236.619860  46.149769     0.671     0.601  4 56899.70942473 25.428
 227 236.617715  46.149654     0.280     0.246  4 56909.62506706 33.105
 228 236.617232  46.150882     0.136     0.130  3 56919.54070792 35.722
 229 236.617193  46.150182     0.950     0.891  4 56929.45634632 27.655
 230 236.620095  46.148776     1.930     1.910  4 56939.37198024 40.160
 231 236.623327  46.146988     1.934     1.876  3 56949.28761613 27.297
 232 236.622126  46.147336     0.692     0.627  4 56959.20326858 30.470
 233 236.622309  46.149442     0.465     0.465  2 56969.11891648 36.511
 234 236.620254  46.147942     0.250     0.284  4 56979.03455975 34.642
 235 236.620779  46.147040     1.213     1.369  4 56988.95019899 30.077
 236 236.626236  46.147488     1.780     1.780  2 56998.86583270 27.569
 237 236.625634  46.147295     2.041     2.041  2 57008.78148385 29.817
 238 236.623709  46.146850     1.926     1.907  3 57018.69713657 30.653
 240 236.620879  46.148536     0.871     0.878  4 57038.52843403 32.164
 241 236.620437  46.149057     0.717     0.771  4 57048.44407937 30.498
 242 236.620438  46.147306     1.221     1.265  5 57058.35972047 33.732
 243 236.624937  46.148598     1.450     1.465  3 57068.27535694 39.749
 244 236.626171  46.147061     1.190     1.190  2 57078.19098842 26.745
 245 236.627251  46.147191     0.734     0.734  2 57088.10662268 33.411
 246 236.620675  46.147496     0.795     0.833  4 57098.02228082 30.472
 248 236.618447  46.149641     1.143     1.172  4 57117.85358750 30.554
 249 236.618665  46.148173     1.646     1.637  4 57127.76923174 33.170
 250 236.620365  46.148140     1.671     1.604  5 57137.68487079 41.694
