#    0.016  -6.849  70.909 ;Mean Elev.(m), Avg Gradient(m/km), RMS Gradient(m/km)
   1   150.318 54668.68973671  2.67 236.621969  46.145760 11.616  270.01  271.51  270.73
   1   149.474 54668.68973730  4.90 236.624045  46.147968 15.908  270.01  271.51  270.73
   1   150.972 54668.68973789  2.58 236.626122  46.150176 11.087  270.01  271.51  270.73
   3   -48.811 54688.52102283  6.46 236.616485  46.143538  2.105  266.85  268.42  268.18
   3   -46.513 54688.52102342  7.83 236.618561  46.145747  2.506  266.85  268.42  268.18
   3   -44.312 54688.52102401  8.63 236.620637  46.147955  2.908  266.85  268.42  268.18
   3   -42.194 54688.52102460  8.63 236.622714  46.150163  2.285  266.85  268.42  268.18
   3   -40.010 54688.52102519  9.26 236.624790  46.152371  2.376  266.85  268.42  268.18
   5   -33.561 54708.35230746  8.89 236.623805  46.146034  3.514  261.90  262.12  263.62
   5   -31.922 54708.35230805  8.95 236.625881  46.148242  2.676  261.90  262.12  263.62
   7   -14.610 54728.18360810 18.07 236.623547  46.146598  4.187  266.50  266.99  268.02
   7   -13.805 54728.18360869 18.66 236.625623  46.148805  4.339  266.50  266.99  268.02
  17     1.002 54827.34003937 25.57 236.622652  46.146344 17.096 -100.00 -100.00 -100.00
  17     0.169 54827.34003996 27.73 236.624729  46.148552 22.770 -100.00 -100.00 -100.00
  17     0.560 54827.34004055 26.48 236.626806  46.150760 17.702 -100.00 -100.00 -100.00
  18     1.934 54837.25567754 34.21 236.617894  46.144499 13.749 -100.00 -100.00 -100.00
  18     1.384 54837.25567813 35.43 236.619971  46.146707 18.627 -100.00 -100.00 -100.00
  18     1.380 54837.25567872 35.49 236.622047  46.148915 15.207 -100.00 -100.00 -100.00
  18     1.122 54837.25567931 38.52 236.624124  46.151123 25.059 -100.00 -100.00 -100.00
  19     4.162 54847.17132672 29.38 236.614387  46.145234 20.376  257.45  258.42  261.00
  19     4.168 54847.17132731 25.20 236.616464  46.147442  9.774  257.45  258.42  261.00
  19     1.653 54847.17132790 25.96 236.618541  46.149650 12.598  257.45  258.42  261.00
  19     0.884 54847.17132850 29.34 236.620617  46.151858 21.717  257.45  258.42  261.00
  19     0.853 54847.17132909 30.12 236.622695  46.154066 20.710  257.45  258.42  261.00
  20     1.292 54857.08697586 42.78 236.612777  46.147071 21.990 -100.00 -100.00 -100.00
  20     0.866 54857.08697645 39.71 236.614853  46.149279 23.057 -100.00 -100.00 -100.00
  20     0.776 54857.08697704 39.55 236.616930  46.151487 23.233 -100.00 -100.00 -100.00
  20     0.781 54857.08697763 43.06 236.619007  46.153695 29.865  255.40  255.92  258.21
  21     0.339 54867.00262498 40.64 236.611523  46.147983 21.076 -100.00 -100.00 -100.00
  21     0.372 54867.00262557 40.57 236.613600  46.150192 25.490 -100.00 -100.00 -100.00
  21     0.229 54867.00262616 45.07 236.615677  46.152400   -100 -100.00 -100.00 -100.00
  21     0.547 54867.00262675 45.39 236.617754  46.154608   -100 -100.00 -100.00 -100.00
  22     1.496 54876.91827372 27.48 236.612532  46.148750 12.864  258.60  259.09  261.26
  22     1.559 54876.91827431 25.25 236.614609  46.150959  9.332  258.60  259.09  261.26
  22     0.621 54876.91827490 28.40 236.616686  46.153167 14.293  258.60  259.09  261.26
  22     0.367 54876.91827549 32.04 236.618763  46.155375 22.739  258.60  259.09  261.26
  23     2.022 54886.83391884 33.89 236.613042  46.146513   -100 -100.00 -100.00 -100.00
  23     1.866 54886.83391943 30.74 236.615119  46.148722 25.942 -100.00 -100.00 -100.00
  23     1.409 54886.83392002 28.50 236.617196  46.150930 20.359 -100.00 -100.00 -100.00
  23     1.089 54886.83392061 28.85 236.619273  46.153138 16.745 -100.00 -100.00 -100.00
  24     2.396 54896.74956087 29.69 236.614616  46.145855 17.254 -100.00 -100.00 -100.00
  24     2.085 54896.74956146 28.05 236.616693  46.148063 15.929 -100.00 -100.00 -100.00
  24     1.536 54896.74956205 28.07 236.618770  46.150272 12.905 -100.00 -100.00 -100.00
  24     1.154 54896.74956264 29.70 236.620847  46.152480 18.340 -100.00 -100.00 -100.00
  25     1.926 54906.66520031 27.97 236.615955  46.146598 15.550  254.52  254.74  256.90
  25     1.646 54906.66520090 27.97 236.618032  46.148807 12.883  254.52  254.74  256.90
  25     0.806 54906.66520149 30.87 236.620110  46.151015 20.293  254.52  254.74  256.90
  25     0.725 54906.66520209 35.00 236.622187  46.153223   -100  254.52  254.74  256.90
  26     1.436 54916.58083782 29.40 236.615039  46.145347 14.755  254.50  255.06  256.64
  26     1.262 54916.58083841 28.43 236.617116  46.147556 12.678  254.50  255.06  256.64
  26     0.882 54916.58083900 28.49 236.619193  46.149764 12.354  254.50  255.06  256.64
  26     0.513 54916.58083959 31.52 236.621270  46.151972 19.637  254.50  255.06  256.64
  27     1.457 54926.49647542 38.88 236.615803  46.145180 17.320  258.52  258.67  261.15
  27     1.041 54926.49647601 44.02 236.617879  46.147388 28.648  258.52  258.67  261.15
  27     0.824 54926.49647660 48.70 236.619956  46.149596   -100  258.52  258.67  261.15
  27     0.742 54926.49647719 50.00 236.622034  46.151805   -100  258.52  258.67  261.15
  28     1.219 54936.41211217 31.02 236.617259  46.143702 28.860 -100.00 -100.00 -100.00
  28     1.408 54936.41211276 26.90 236.619335  46.145910 14.711 -100.00 -100.00 -100.00
  28     1.182 54936.41211335 26.10 236.621412  46.148118 14.711 -100.00 -100.00 -100.00
  28     1.354 54936.41211394 28.82 236.623489  46.150326 18.682 -100.00 -100.00 -100.00
  29     2.014 54946.32774804 25.59 236.623396  46.145294 14.588 -100.00 -100.00 -100.00
  29     1.036 54946.32774863 26.85 236.625472  46.147503 15.979 -100.00 -100.00 -100.00
  29     0.954 54946.32774922 28.00 236.627549  46.149711 19.533 -100.00 -100.00 -100.00
  32     1.317 54976.07467677 28.97 236.624061  46.144551 24.825 -100.00 -100.00 -100.00
  32     1.270 54976.07467736 25.83 236.626137  46.146759 15.784 -100.00 -100.00 -100.00
  32     0.570 54976.07467795 28.28 236.628214  46.148967 24.736 -100.00 -100.00 -100.00
  33     1.100 54985.99032487 27.20 236.622740  46.146612 13.182 -100.00 -100.00 -100.00
  33     0.684 54985.99032546 27.10 236.624817  46.148819 12.739  278.04  279.31  280.07
  34   -21.573 54995.90597219  9.49 236.619464  46.144907  5.643  275.75  277.16  276.96
  34   -19.859 54995.90597278  8.18 236.621541  46.147115  3.558  275.75  277.16  276.96
  34   -18.206 54995.90597337  9.50 236.623617  46.149323  4.889  275.75  277.16  276.96
  34   -16.586 54995.90597396  8.58 236.625694  46.151531  3.370  275.75  277.16  276.96
  35     0.700 55005.82161821 39.66 236.617600  46.144037 27.374 -100.00 -100.00 -100.00
  35     0.690 55005.82161880 30.91 236.619676  46.146245  9.777  275.75  275.79  275.91
  35     0.269 55005.82161939 33.09 236.621753  46.148453 13.410  275.75  275.79  275.91
  35     0.537 55005.82161998 33.20 236.623830  46.150661 12.277  275.75  275.79  275.91
  36     0.754 55015.73726214 32.84 236.616270  46.144052   -100 -100.00 -100.00 -100.00
  36     0.891 55015.73726273 27.14 236.618346  46.146260 20.665 -100.00 -100.00 -100.00
  36     0.633 55015.73726333 24.55 236.620423  46.148468 14.396 -100.00 -100.00 -100.00
  36     0.096 55015.73726392 27.04 236.622500  46.150676 24.247 -100.00 -100.00 -100.00
  37     1.346 55025.65290478 25.87 236.615430  46.145016 15.825  266.43  267.22  267.60
  37     0.973 55025.65290537 28.45 236.617506  46.147224 24.580  266.43  267.22  267.60
  37     0.575 55025.65290596 25.93 236.619583  46.149432 14.801  266.43  267.22  267.60
  37     0.313 55025.65290655 26.90 236.621659  46.151640 16.076  266.43  267.22  267.60
  38     1.579 55035.56854698 25.07 236.615161  46.146654 17.503  266.27  267.55  268.02
  38     1.337 55035.56854757 24.35 236.617238  46.148862 13.794  266.27  267.55  268.02
  38     1.120 55035.56854816 25.24 236.619314  46.151070 17.691  266.27  267.55  268.02
  38     0.598 55035.56854875 25.98 236.621391  46.153278 18.545  266.27  267.55  268.02
  39     1.146 55045.48418807 25.51 236.616039  46.146322 16.699  268.49  269.97  270.07
  39     0.542 55045.48418866 24.95 236.618115  46.148530 16.580  268.49  269.97  270.07
  39     0.295 55045.48418925 26.16 236.620192  46.150738 20.362  268.49  269.97  270.07
  39    -0.044 55045.48418984 28.07 236.622268  46.152946 28.278  268.49  269.97  270.07
  40     0.603 55055.39982706 34.94 236.618394  46.143649 27.077 -100.00 -100.00 -100.00
  40     0.380 55055.39982765 28.28 236.620470  46.145857 15.415 -100.00 -100.00 -100.00
  40     0.161 55055.39982824 32.03 236.622547  46.148065 25.758 -100.00 -100.00 -100.00
  40     0.165 55055.39982884 39.16 236.624623  46.150273 31.086 -100.00 -100.00 -100.00
  41     0.471 55065.31546488 26.73 236.625151  46.144681 21.834  267.81  268.63  269.53
  41     0.280 55065.31546547 24.20 236.627227  46.146889 15.298  267.81  268.63  269.53
  41     0.072 55065.31546606 27.06 236.629303  46.149097 23.829  267.81  268.63  269.53
  42     1.477 55075.23111269 22.75 236.624301  46.144456 13.990  266.45  268.95  268.10
  42     1.105 55075.23111328 24.33 236.626377  46.146663 18.940  266.45  268.95  268.10
  42     0.551 55075.23111387 25.39 236.628454  46.148871 22.348  266.45  268.95  268.10
  43     1.741 55085.14676028 32.59 236.620632  46.144596 10.640 -100.00 -100.00 -100.00
  43     1.233 55085.14676087 33.62 236.622708  46.146803 12.151 -100.00 -100.00 -100.00
  43     1.109 55085.14676146 32.23 236.624785  46.149011  8.641 -100.00 -100.00 -100.00
  44     1.850 55095.06240658 25.49 236.617336  46.145363 12.045 -100.00 -100.00 -100.00
  44     1.388 55095.06240717 24.89 236.619413  46.147571 11.071 -100.00 -100.00 -100.00
  44     1.220 55095.06240776 25.27 236.621489  46.149779 10.443 -100.00 -100.00 -100.00
  44     0.410 55095.06240836 27.12 236.623566  46.151986 12.984 -100.00 -100.00 -100.00
  45     0.836 55104.97805268 26.73 236.615309  46.144830 21.266 -100.00 -100.00 -100.00
  45     0.705 55104.97805327 26.60 236.617385  46.147038 19.794 -100.00 -100.00 -100.00
  45     0.415 55104.97805386 25.40 236.619462  46.149246 18.906 -100.00 -100.00 -100.00
  45     0.175 55104.97805445 25.46 236.621539  46.151454 16.102 -100.00 -100.00 -100.00
  46     0.517 55114.89369879 30.00 236.615585  46.144419   -100  268.48  269.02  270.12
  46     0.535 55114.89369938 24.57 236.617661  46.146627 18.133  268.48  269.02  270.12
  46     0.048 55114.89369997 24.54 236.619738  46.148835 19.329  268.48  269.02  270.12
  46     0.113 55114.89370056 23.85 236.621815  46.151043 17.427  268.48  269.02  270.12
  47     0.981 55124.80934232 31.10 236.616375  46.142861   -100  267.15  267.81  267.82
  47     0.981 55124.80934291 26.88 236.618452  46.145069 20.626  267.15  267.81  267.82
  47     0.725 55124.80934350 26.10 236.620529  46.147277 19.133  267.15  267.81  267.82
  47     0.331 55124.80934409 25.40 236.622606  46.149485 19.006  267.15  267.81  267.82
  47     0.027 55124.80934468 27.87 236.624683  46.151693 24.441  267.15  267.81  267.82
  48     1.457 55134.72498398 31.39 236.620120  46.144845 10.266 -100.00 -100.00 -100.00
  48     1.239 55134.72498457 34.59 236.622197  46.147053 15.590 -100.00 -100.00 -100.00
  48     1.406 55134.72498516 34.81 236.624274  46.149261 19.525 -100.00 -100.00 -100.00
  49     1.779 55144.64062270 32.32 236.620773  46.144780   -100 -100.00 -100.00 -100.00
  49     1.949 55144.64062329 24.89 236.622850  46.146988 11.381 -100.00 -100.00 -100.00
  49     1.184 55144.64062388 27.39 236.624927  46.149196 17.519 -100.00 -100.00 -100.00
  50     1.949 55154.55626035 30.47 236.619805  46.144387 20.050 -100.00 -100.00 -100.00
  50     2.875 55154.55626094 28.16 236.621882  46.146595 12.313 -100.00 -100.00 -100.00
  50     1.217 55154.55626153 31.59 236.623959  46.148803 22.227 -100.00 -100.00 -100.00
  50     1.310 55154.55626212 36.08 236.626036  46.151011 30.176 -100.00 -100.00 -100.00
  51     0.390 55164.47189965 43.02 236.624329  46.149023   -100  259.84  260.71  261.89
  51     0.508 55164.47190024 45.27 236.626406  46.151231   -100  259.84  260.71  261.89
  52    -0.011 55174.38753637 34.36 236.621560  46.144479 31.195  249.20  248.42  250.60
  52     0.297 55174.38753696 32.61 236.623636  46.146687 29.741  249.20  248.42  250.60
  52     0.519 55174.38753755 25.86 236.625713  46.148895 12.511  249.20  248.42  250.60
  53   151.938 55184.30317610  2.43 236.625440  46.146070  5.296  261.89  264.60  266.77
  53   158.388 55184.30317669  0.08 236.627516  46.148278  4.510  261.89  264.60  266.77
  55     1.132 55204.13447605 30.85 236.615807  46.145076 32.368 -100.00 -100.00 -100.00
  55     1.364 55204.13447664 27.70 236.617884  46.147284 19.663 -100.00 -100.00 -100.00
  55     1.347 55204.13447723 26.85 236.619960  46.149492 13.649 -100.00 -100.00 -100.00
  55     0.729 55204.13447783 30.12 236.622037  46.151700 24.519 -100.00 -100.00 -100.00
  56     3.832 55214.05012555 29.23 236.613280  46.146929 14.126 -100.00 -100.00 -100.00
  56     3.130 55214.05012614 28.32 236.615356  46.149137 10.899 -100.00 -100.00 -100.00
  56     1.562 55214.05012674 30.31 236.617433  46.151346 15.220 -100.00 -100.00 -100.00
  56     1.042 55214.05012733 33.42 236.619510  46.153554 22.896 -100.00 -100.00 -100.00
  57     1.937 55223.96577482 29.51 236.613448  46.148453 17.635  261.37  262.41  264.49
  57     1.598 55223.96577541 29.07 236.615524  46.150661 14.854  261.37  262.41  264.49
  57     0.886 55223.96577600 31.62 236.617601  46.152869 20.856  261.37  262.41  264.49
  57     1.091 55223.96577659 33.21 236.619678  46.155077 21.010  261.37  262.41  264.49
  58     1.730 55233.88142197 27.71 236.614166  46.147043  7.031 -100.00 -100.00 -100.00
  58     0.849 55233.88142256 30.05 236.616243  46.149251  9.985 -100.00 -100.00 -100.00
  58     0.607 55233.88142315 30.18 236.618320  46.151459  9.085 -100.00 -100.00 -100.00
  58     1.132 55233.88142374 32.15 236.620397  46.153668 11.075 -100.00 -100.00 -100.00
  59     1.366 55243.79706573 37.12 236.615976  46.144489 16.332 -100.00 -100.00 -100.00
  59     0.949 55243.79706632 39.94 236.618053  46.146698   -100 -100.00 -100.00 -100.00
  59     0.605 55243.79706691 32.16 236.620130  46.148906 20.355 -100.00 -100.00 -100.00
  59     0.339 55243.79706750 38.55 236.622207  46.151114   -100 -100.00 -100.00 -100.00
  61     1.311 55263.62834612 27.54 236.619060  46.147734 21.730  254.58  254.11  256.76
  61     1.152 55263.62834671 25.87 236.621137  46.149942 15.067  254.58  254.11  256.76
  61     0.530 55263.62834730 30.51 236.623214  46.152150 28.176  254.58  254.11  256.76
  62     1.557 55273.54398315 44.62 236.615931  46.146373 29.112  255.33  254.65  258.32
  62     1.216 55273.54398374 45.59 236.618008  46.148581   -100  255.33  254.65  258.32
  62     1.296 55273.54398433 44.01 236.620086  46.150789 31.786  255.33  254.65  258.32
  62     1.272 55273.54398492 43.74 236.622163  46.152998   -100  255.33  254.65  258.32
  63     2.440 55283.45961978 38.28 236.615431  46.144100 18.678 -100.00 -100.00 -100.00
  63     1.988 55283.45962037 35.00 236.617508  46.146308 20.736  260.02  260.60  262.71
  63     1.463 55283.45962096 37.68 236.619585  46.148516   -100  260.02  260.60  262.71
  63     1.927 55283.45962155 42.99 236.621662  46.150724 30.569  260.02  260.60  262.71
  63     2.026 55283.45962214 43.09 236.623739  46.152932   -100  260.02  260.60  262.71
  64     1.413 55293.37525659 37.28 236.622933  46.146334 23.095 -100.00 -100.00 -100.00
  64     1.080 55293.37525718 35.31 236.625010  46.148542 17.823 -100.00 -100.00 -100.00
  64     1.173 55293.37525777 36.50 236.627087  46.150750 22.122 -100.00 -100.00 -100.00
  66     1.327 55313.20654052 32.24 236.627174  46.145647 15.059 -100.00 -100.00 -100.00
  66     0.885 55313.20654111 31.92 236.629250  46.147855 13.274 -100.00 -100.00 -100.00
  66     0.560 55313.20654170 32.21 236.631327  46.150063 14.631 -100.00 -100.00 -100.00
  67     1.502 55323.12218529 27.23 236.623041  46.144433 19.456 -100.00 -100.00 -100.00
  67     0.763 55323.12218588 27.83 236.625118  46.146641 19.227 -100.00 -100.00 -100.00
  67     0.717 55323.12218647 28.90 236.627195  46.148849 22.909 -100.00 -100.00 -100.00
  68     1.270 55333.03782994 25.58 236.622013  46.147166 14.585  272.11  273.57  273.95
  68     0.978 55333.03783053 25.80 236.624090  46.149373 14.965  272.11  273.57  273.95
  69     2.152 55342.95347343 29.90 236.617899  46.145253 21.826 -100.00 -100.00 -100.00
  69     2.127 55342.95347402 27.94 236.619976  46.147461 20.842 -100.00 -100.00 -100.00
  69     1.500 55342.95347461 26.17 236.622052  46.149669 13.229 -100.00 -100.00 -100.00
  69     0.318 55342.95347520 30.67 236.624129  46.151877 27.658 -100.00 -100.00 -100.00
  70     1.604 55352.86911730 26.33 236.618088  46.145059  8.222 -100.00 -100.00 -100.00
  70     1.195 55352.86911789 27.07 236.620165  46.147267 10.254 -100.00 -100.00 -100.00
  70     1.176 55352.86911848 27.44 236.622242  46.149475  9.817 -100.00 -100.00 -100.00
  70     0.795 55352.86911907 29.57 236.624319  46.151683 12.209 -100.00 -100.00 -100.00
  71     2.050 55362.78475877 24.96 236.618285  46.143814 12.469  265.37  265.71  265.63
  71     1.108 55362.78475936 26.67 236.620361  46.146022 18.690  265.37  265.71  265.63
  71     0.645 55362.78475995 25.93 236.622438  46.148230 15.730  265.37  265.71  265.63
  71     0.392 55362.78476054 26.99 236.624515  46.150438 16.258  265.37  265.71  265.63
  72     0.193 55372.70039899 30.59 236.620495  46.145749 32.499  267.15  267.82  268.16
  72     0.308 55372.70039958 26.55 236.622571  46.147957 17.284  267.15  267.82  268.16
  72     0.233 55372.70040017 26.21 236.624648  46.150165 15.637  267.15  267.82  268.16
  74     2.322 55392.53167435 29.31 236.619490  46.145357 25.209 -100.00 -100.00 -100.00
  74     2.031 55392.53167494 23.70 236.621567  46.147565 14.617 -100.00 -100.00 -100.00
  74     1.809 55392.53167553 23.91 236.623643  46.149773 12.951 -100.00 -100.00 -100.00
  75     1.475 55402.44731055 26.42 236.623034  46.145915 21.575  267.35  268.77  268.62
  75     1.316 55402.44731114 27.47 236.625111  46.148123 24.700  267.35  268.77  268.62
  75     0.772 55402.44731173 27.27 236.627187  46.150331 24.440  267.35  268.77  268.62
  76     0.460 55412.36296184 26.40 236.624580  46.146504 18.957 -100.00 -100.00 -100.00
  76     0.047 55412.36296243 28.10 236.626657  46.148712 25.050 -100.00 -100.00 -100.00
  77     0.340 55422.27861113 42.16 236.625993  46.146451 29.095 -100.00 -100.00 -100.00
  77     0.268 55422.27861172 43.01 236.628069  46.148659   -100 -100.00 -100.00 -100.00
  78    -0.040 55432.19425735 38.17 236.624718  46.145278 25.064 -100.00 -100.00 -100.00
  78    -0.247 55432.19425794 39.56 236.626795  46.147485 30.292 -100.00 -100.00 -100.00
  78    -0.274 55432.19425853 40.92 236.628871  46.149693   -100 -100.00 -100.00 -100.00
  79     1.864 55442.10990147 31.49 236.619913  46.144281 12.114 -100.00 -100.00 -100.00
  79     1.760 55442.10990206 31.91 236.621989  46.146488 13.898 -100.00 -100.00 -100.00
  79     1.643 55442.10990265 31.50 236.624066  46.148696 10.801 -100.00 -100.00 -100.00
  79     1.664 55442.10990324 36.41 236.626143  46.150904 25.281 -100.00 -100.00 -100.00
  80     2.478 55452.02554484 27.16 236.617397  46.145583 17.719 -100.00 -100.00 -100.00
  80     2.049 55452.02554543 27.05 236.619473  46.147791 17.890 -100.00 -100.00 -100.00
  80     1.718 55452.02554602 25.09 236.621550  46.149999 12.585 -100.00 -100.00 -100.00
  80     1.445 55452.02554661 25.82 236.623627  46.152206 14.584 -100.00 -100.00 -100.00
  81     2.232 55461.94118724 28.20 236.615933  46.144835 26.770 -100.00 -100.00 -100.00
  81     2.007 55461.94118783 27.00 236.618009  46.147043 19.758 -100.00 -100.00 -100.00
  81     1.734 55461.94118842 23.94 236.620086  46.149251 13.159 -100.00 -100.00 -100.00
  81     1.202 55461.94118901 25.11 236.622162  46.151458 15.466 -100.00 -100.00 -100.00
  82     1.090 55471.85682838 28.02 236.618495  46.143813 21.211 -100.00 -100.00 -100.00
  82     0.983 55471.85682897 24.94 236.620571  46.146021 16.721 -100.00 -100.00 -100.00
  82     0.334 55471.85682956 25.17 236.622648  46.148229 18.620 -100.00 -100.00 -100.00
  82     0.101 55471.85683015 26.77 236.624725  46.150437 19.728 -100.00 -100.00 -100.00
  83     0.481 55481.77246762 25.73 236.625464  46.146183 12.614 -100.00 -100.00 -100.00
  83     0.288 55481.77246821 27.62 236.627540  46.148391 17.890 -100.00 -100.00 -100.00
  86     1.571 55511.51938080 25.84 236.623574  46.144503 12.507 -100.00 -100.00 -100.00
  86     1.117 55511.51938139 25.39 236.625650  46.146711 13.460 -100.00 -100.00 -100.00
  86     0.718 55511.51938198 28.94 236.627727  46.148919 20.041 -100.00 -100.00 -100.00
  88     1.424 55531.35067757 43.16 236.616147  46.143167 26.864 -100.00 -100.00 -100.00
  88     1.493 55531.35067816 43.22 236.618223  46.145376 29.204 -100.00 -100.00 -100.00
  88     1.355 55531.35067875 39.54 236.620299  46.147584 20.607 -100.00 -100.00 -100.00
  88     1.205 55531.35067934 41.02 236.622376  46.149792 25.082  258.84  259.74  261.61
  88     1.278 55531.35067993 45.17 236.624453  46.152000 32.347  258.84  259.74  261.61
  90     3.150 55551.18196924 27.78 236.616947  46.144492 13.532 -100.00 -100.00 -100.00
  90     3.576 55551.18196983 26.92 236.619024  46.146700 13.014 -100.00 -100.00 -100.00
  90     0.967 55551.18197042 28.44 236.621100  46.148908 16.650 -100.00 -100.00 -100.00
  90     1.741 55551.18197101 30.63 236.623177  46.151116 18.837 -100.00 -100.00 -100.00
  91     0.663 55561.09761258 31.64 236.615545  46.145402 11.260  253.40  253.10  255.54
  91     0.268 55561.09761317 32.66 236.617622  46.147610 13.998  253.40  253.10  255.54
  91     0.098 55561.09761376 34.69 236.619698  46.149818 17.712  253.40  253.10  255.54
  91     0.339 55561.09761435 34.81 236.621775  46.152026 17.493  253.40  253.10  255.54
  93     2.649 55580.92889686 39.38 236.615503  46.145767 19.055 -100.00 -100.00 -100.00
  93     2.605 55580.92889745 40.39 236.617580  46.147975 20.302 -100.00 -100.00 -100.00
  93     2.734 55580.92889804 41.32 236.619657  46.150183 19.061  254.16  254.25  257.98
  93     2.784 55580.92889863 47.34 236.621734  46.152392 30.823  254.16  254.25  257.98
  94     2.489 55590.84453580 30.72 236.619958  46.145567  7.940 -100.00 -100.00 -100.00
  94     1.802 55590.84453639 33.57 236.622035  46.147775 11.816 -100.00 -100.00 -100.00
  94     1.660 55590.84453698 31.66 236.624112  46.149983  8.599 -100.00 -100.00 -100.00
  95     0.735 55600.76017179 42.19 236.626623  46.145903 30.115 -100.00 -100.00 -100.00
  95     0.858 55600.76017238 43.36 236.628700  46.148111 30.727 -100.00 -100.00 -100.00
 100     2.294 55650.33838623 48.36 236.622293  46.145151   -100 -100.00 -100.00 -100.00
 100     2.420 55650.33838682 45.46 236.624369  46.147359 28.032 -100.00 -100.00 -100.00
 100     2.307 55650.33838741 48.32 236.626446  46.149567   -100 -100.00 -100.00 -100.00
 101     1.312 55660.25403115 27.71 236.625224  46.145697 15.025 -100.00 -100.00 -100.00
 101     0.934 55660.25403174 29.63 236.627301  46.147905 21.160 -100.00 -100.00 -100.00
 101     0.885 55660.25403233 29.91 236.629378  46.150113 18.702 -100.00 -100.00 -100.00
 102     1.493 55670.16967224 28.32 236.625129  46.145188 16.133 -100.00 -100.00 -100.00
 102     1.408 55670.16967283 28.38 236.627206  46.147396 15.419 -100.00 -100.00 -100.00
 102     0.708 55670.16967342 30.22 236.629283  46.149604 19.263 -100.00 -100.00 -100.00
 103     0.908 55680.08531154 29.22 236.623389  46.145151 17.049 -100.00 -100.00 -100.00
 103     0.998 55680.08531213 30.41 236.625466  46.147359 20.022 -100.00 -100.00 -100.00
 103     1.075 55680.08531272 31.42 236.627543  46.149567 19.738 -100.00 -100.00 -100.00
 105     2.155 55699.91658568 25.53 236.623778  46.146444 14.633 -100.00 -100.00 -100.00
 105     1.469 55699.91658627 26.77 236.625855  46.148652 15.059 -100.00 -100.00 -100.00
 106     1.907 55709.83222455 25.74 236.624171  46.145144 12.757  265.91  266.51  267.39
 106     1.495 55709.83222515 26.59 236.626247  46.147352 15.126  265.91  266.51  267.39
 106     0.389 55709.83222574 31.92 236.628324  46.149561   -100  265.91  266.51  267.39
 107     1.893 55719.74787510 25.51 236.623503  46.146311 13.457 -100.00 -100.00 -100.00
 107     0.848 55719.74787569 26.51 236.625580  46.148519 15.963 -100.00 -100.00 -100.00
 108     1.949 55729.66352266 37.39 236.620290  46.145412 20.469 -100.00 -100.00 -100.00
 108     1.723 55729.66352325 35.02 236.622367  46.147620 16.206 -100.00 -100.00 -100.00
 108     1.752 55729.66352384 35.21 236.624444  46.149828 15.078  263.87  264.60  265.27
 109     1.437 55739.57916883 29.75 236.617760  46.144809 12.454 -100.00 -100.00 -100.00
 109     1.048 55739.57916942 30.05 236.619837  46.147017 13.434 -100.00 -100.00 -100.00
 109     0.860 55739.57917001 30.08 236.621913  46.149225 12.415 -100.00 -100.00 -100.00
 109     0.403 55739.57917060 32.59 236.623990  46.151433 18.383 -100.00 -100.00 -100.00
 110     1.132 55749.49481385 26.52 236.616241  46.144536 20.529  265.94  268.06  268.41
 110     1.442 55749.49481444 26.22 236.618318  46.146745 20.060  265.94  268.06  268.41
 110     0.943 55749.49481503 25.34 236.620394  46.148953 18.045  265.94  268.06  268.41
 110     0.748 55749.49481562 24.33 236.622471  46.151161 11.670  265.94  268.06  268.41
 111     2.445 55759.41045665 39.45 236.616915  46.144145 19.226 -100.00 -100.00 -100.00
 111     2.759 55759.41045724 44.61 236.618992  46.146353 24.737 -100.00 -100.00 -100.00
 111     2.434 55759.41045783 51.62 236.621068  46.148561   -100 -100.00 -100.00 -100.00
 111     2.513 55759.41045842 53.16 236.623145  46.150769   -100 -100.00 -100.00 -100.00
 112     1.912 55769.32609738 25.65 236.621592  46.145799 15.732 -100.00 -100.00 -100.00
 112     1.668 55769.32609797 24.79 236.623668  46.148007 12.430 -100.00 -100.00 -100.00
 112     1.086 55769.32609856 25.51 236.625744  46.150214 13.007 -100.00 -100.00 -100.00
 113     1.478 55779.24173448 25.86 236.625413  46.145447 15.327  268.93  270.87  270.57
 113     0.774 55779.24173507 26.71 236.627490  46.147654 20.922  268.93  270.87  270.57
 113     0.651 55779.24173566 28.15 236.629567  46.149862 25.469  268.93  270.87  270.57
 116     0.650 55808.98864870 26.19 236.626796  46.145207 19.295 -100.00 -100.00 -100.00
 116     0.601 55808.98864929 26.23 236.628872  46.147415 19.545 -100.00 -100.00 -100.00
 116     0.567 55808.98864988 27.09 236.630949  46.149623 21.194 -100.00 -100.00 -100.00
 117     1.388 55818.90429786 24.66 236.624666  46.145801 15.523 -100.00 -100.00 -100.00
 117     1.188 55818.90429845 27.87 236.626742  46.148009 23.471 -100.00 -100.00 -100.00
 117     0.428 55818.90429904 27.92 236.628819  46.150217 24.157 -100.00 -100.00 -100.00
 118     1.502 55828.81994303 26.34 236.626076  46.146110 17.611 -100.00 -100.00 -100.00
 118     1.088 55828.81994362 26.11 236.628152  46.148318 17.013 -100.00 -100.00 -100.00
 122     0.435 55868.48250335 44.20 236.625794  46.146457   -100 -100.00 -100.00 -100.00
 122     0.325 55868.48250394 47.56 236.627871  46.148665   -100 -100.00 -100.00 -100.00
 123     1.128 55878.39815413 28.28 236.620857  46.145337 24.664 -100.00 -100.00 -100.00
 123     1.043 55878.39815472 24.55 236.622933  46.147546 13.617 -100.00 -100.00 -100.00
 123     0.512 55878.39815531 26.57 236.625010  46.149754 19.803 -100.00 -100.00 -100.00
 133     0.986 55977.55458412 28.66 236.623757  46.146218 17.375 -100.00 -100.00 -100.00
 133     0.841 55977.55458471 29.79 236.625834  46.148427 20.344 -100.00 -100.00 -100.00
 134     1.611 55987.47021986 44.68 236.624570  46.145163 22.403 -100.00 -100.00 -100.00
 134     1.782 55987.47022045 44.75 236.626647  46.147371 19.639 -100.00 -100.00 -100.00
 134     1.421 55987.47022104 51.80 236.628724  46.149579   -100 -100.00 -100.00 -100.00
 135     1.658 55997.38585888 32.69 236.627332  46.145502 15.286 -100.00 -100.00 -100.00
 135     1.279 55997.38585947 35.78 236.629409  46.147710 23.013 -100.00 -100.00 -100.00
 135     1.248 55997.38586006 35.71 236.631486  46.149918 18.182 -100.00 -100.00 -100.00
 142     0.804 56066.79535615 30.65 236.624489  46.145297  8.997 -100.00 -100.00 -100.00
 142     0.475 56066.79535674 31.98 236.626565  46.147505 10.585 -100.00 -100.00 -100.00
 142     0.643 56066.79535733 32.19 236.628642  46.149714  9.868  269.90  269.86  271.00
 143     2.051 56076.71100433 48.73 236.622891  46.145796   -100 -100.00 -100.00 -100.00
 143     1.541 56076.71100492 44.06 236.624967  46.148004   -100 -100.00 -100.00 -100.00
 143     1.707 56076.71100551 42.34 236.627044  46.150212 30.265 -100.00 -100.00 -100.00
 144     2.704 56086.62665252 34.41 236.617924  46.144327 14.795 -100.00 -100.00 -100.00
 144     2.114 56086.62665311 34.59 236.620000  46.146536 17.074 -100.00 -100.00 -100.00
 144     1.977 56086.62665370 36.51 236.622077  46.148744 22.370 -100.00 -100.00 -100.00
 144     2.298 56086.62665429 38.45 236.624154  46.150952 23.458 -100.00 -100.00 -100.00
 145     3.115 56096.54229888 23.69 236.616878  46.144853 12.272 -100.00 -100.00 -100.00
 145     3.202 56096.54229947 23.80 236.618954  46.147062 11.699 -100.00 -100.00 -100.00
 145     2.455 56096.54230006 24.02 236.621031  46.149270 10.407 -100.00 -100.00 -100.00
 145     0.221 56096.54230065 26.71 236.623108  46.151478 18.989 -100.00 -100.00 -100.00
 146     1.603 56106.45794293 34.09 236.617294  46.144000 20.537  263.12  264.88  265.38
 146     1.365 56106.45794352 29.62 236.619370  46.146208  9.881  263.12  264.88  265.38
 146     0.846 56106.45794411 32.18 236.621447  46.148416 14.194  263.12  264.88  265.38
 146     0.308 56106.45794470 34.67 236.623523  46.150624 22.215  263.12  264.88  265.38
 147     0.384 56116.37357342 29.06 236.622204  46.145766 31.449 -100.00 -100.00 -100.00
 147     0.111 56116.37357402 29.20 236.624280  46.147974 28.014 -100.00 -100.00 -100.00
 147    -0.160 56116.37357461 30.84 236.626357  46.150181   -100 -100.00 -100.00 -100.00
 148     1.602 56126.28921132 25.83 236.625739  46.145507 14.254 -100.00 -100.00 -100.00
 148     0.984 56126.28921191 26.86 236.627816  46.147714 20.105 -100.00 -100.00 -100.00
 148     0.272 56126.28921250 29.40 236.629892  46.149922 28.051 -100.00 -100.00 -100.00
 150     1.154 56146.12048876 26.20 236.627585  46.146110 16.305  271.67  274.30  273.25
 150     0.541 56146.12048935 27.43 236.629662  46.148317 24.108  271.67  274.30  273.25
 151     1.009 56156.03613812 22.83 236.623634  46.145627 14.477  278.45  280.44  279.93
 151     0.432 56156.03613872 25.73 236.625711  46.147835 21.100  278.45  280.44  279.93
 151     0.411 56156.03613931 28.49 236.627788  46.150043 26.493  278.45  280.44  279.93
 152     0.704 56165.95178678 26.19 236.621359  46.145201 21.806 -100.00 -100.00 -100.00
 152     0.336 56165.95178737 25.10 236.623435  46.147409 21.397 -100.00 -100.00 -100.00
 152    -0.044 56165.95178796 28.91 236.625512  46.149617 28.758 -100.00 -100.00 -100.00
 153     0.398 56175.86743367 25.83 236.622432  46.145953 19.542 -100.00 -100.00 -100.00
 153     0.032 56175.86743426 26.59 236.624509  46.148161 24.184 -100.00 -100.00 -100.00
 153     0.234 56175.86743485 27.81 236.626586  46.150369 23.631 -100.00 -100.00 -100.00
 154     0.507 56185.78307541 24.91 236.624209  46.145821 18.463 -100.00 -100.00 -100.00
 154    -0.193 56185.78307601 27.95 236.626286  46.148029 32.018 -100.00 -100.00 -100.00
 154     0.142 56185.78307660 27.14 236.628363  46.150237 25.877 -100.00 -100.00 -100.00
 155     0.472 56195.69871339 27.56 236.625937  46.146167 28.502  266.76  266.27  267.55
 155     0.108 56195.69871398 27.29 236.628014  46.148375 28.437  266.76  266.27  267.55
 156     1.290 56205.61434766 25.45 236.624724  46.144887 16.336  261.55  261.32  262.85
 156     0.900 56205.61434825 27.02 236.626801  46.147095 19.562  261.55  261.32  262.85
 156     0.205 56205.61434884 29.34 236.628877  46.149303 27.558  261.55  261.32  262.85
 157     1.523 56215.52998083 39.84 236.625431  46.145559 21.502 -100.00 -100.00 -100.00
 157     0.775 56215.52998142 42.79 236.627508  46.147767   -100 -100.00 -100.00 -100.00
 157     1.022 56215.52998201 44.01 236.629584  46.149975   -100 -100.00 -100.00 -100.00
 158     0.504 56225.44561906 42.31 236.624332  46.144296   -100 -100.00 -100.00 -100.00
 158     0.975 56225.44561965 37.25 236.626408  46.146504   -100 -100.00 -100.00 -100.00
 158     0.617 56225.44562024 32.34 236.628485  46.148712 23.561 -100.00 -100.00 -100.00
 159     0.477 56235.36127445 46.84 236.623122  46.145623   -100 -100.00 -100.00 -100.00
 159     0.508 56235.36127504 46.66 236.625199  46.147831 31.250 -100.00 -100.00 -100.00
 159     0.091 56235.36127563 46.61 236.627275  46.150039   -100 -100.00 -100.00 -100.00
 160     0.253 56245.27692550 38.36 236.620932  46.144719 21.402 -100.00 -100.00 -100.00
 160     0.343 56245.27692609 40.11 236.623008  46.146927 26.981 -100.00 -100.00 -100.00
 160     0.066 56245.27692668 41.11 236.625084  46.149135 28.633 -100.00 -100.00 -100.00
 161     1.335 56255.19257195 34.43 236.619900  46.145199 12.190 -100.00 -100.00 -100.00
 161     0.776 56255.19257254 36.46 236.621977  46.147407 19.370 -100.00 -100.00 -100.00
 161     0.959 56255.19257313 36.14 236.624053  46.149615 14.134  259.45  261.94  263.22
 162   151.206 56265.10821396  8.97 236.616646  46.143598 17.835 -100.00 -100.00 -100.00
 162   153.676 56265.10821455  3.35 236.618722  46.145806  7.648 -100.00 -100.00 -100.00
 162   153.479 56265.10821514  3.10 236.620798  46.148014  7.869 -100.00 -100.00 -100.00
 162   152.653 56265.10821573  4.97 236.622875  46.150222  9.997 -100.00 -100.00 -100.00
 166     0.980 56304.77079912 28.99 236.621230  46.145257 13.325 -100.00 -100.00 -100.00
 166     0.832 56304.77079971 28.55 236.623307  46.147466 13.348 -100.00 -100.00 -100.00
 166     0.468 56304.77080030 30.42 236.625384  46.149674 16.087  254.60  254.01  255.50
 167     1.311 56314.68644179 27.37 236.619802  46.144406 19.660 -100.00 -100.00 -100.00
 167     1.164 56314.68644238 28.54 236.621879  46.146614 20.199 -100.00 -100.00 -100.00
 167     1.002 56314.68644297 27.45 236.623957  46.148822 14.818 -100.00 -100.00 -100.00
 167     0.563 56314.68644356 28.45 236.626034  46.151030 18.885 -100.00 -100.00 -100.00
 168     2.414 56324.60208200 43.49 236.616382  46.143038 18.908 -100.00 -100.00 -100.00
 168     2.509 56324.60208259 43.72 236.618459  46.145247 25.928 -100.00 -100.00 -100.00
 168     1.668 56324.60208318 44.04 236.620536  46.147455 29.397 -100.00 -100.00 -100.00
 168     1.969 56324.60208377 40.12 236.622613  46.149663 18.167 -100.00 -100.00 -100.00
 168     1.900 56324.60208436 41.97 236.624691  46.151871 24.845 -100.00 -100.00 -100.00
 170     1.298 56344.43336131 26.32 236.619340  46.143927 14.109 -100.00 -100.00 -100.00
 170     1.947 56344.43336190 24.11 236.621417  46.146135 12.566 -100.00 -100.00 -100.00
 170     0.815 56344.43336249 26.77 236.623493  46.148344 16.424 -100.00 -100.00 -100.00
 170     0.175 56344.43336308 30.37 236.625570  46.150552 28.821 -100.00 -100.00 -100.00
 171     0.507 56354.34899917 31.01 236.626766  46.146562 14.341  254.09  253.83  257.50
 171     0.496 56354.34899976 30.85 236.628843  46.148770 13.625  254.09  253.83  257.50
 172     0.381 56364.26464280 45.67 236.626226  46.144748 32.291  263.12  265.14  266.26
 172     0.689 56364.26464339 44.89 236.628303  46.146956 24.899  263.12  265.14  266.26
 172     0.541 56364.26464398 48.46 236.630380  46.149164   -100  263.12  265.14  266.26
 173     0.996 56374.18029165 28.18 236.624047  46.146109 11.950 -100.00 -100.00 -100.00
 173     1.144 56374.18029224 29.12 236.626124  46.148317 13.717 -100.00 -100.00 -100.00
 175     2.006 56394.01158138 29.45 236.616473  46.147305 20.403 -100.00 -100.00 -100.00
 175     1.844 56394.01158197 25.32 236.618550  46.149513 11.907 -100.00 -100.00 -100.00
 175     0.967 56394.01158256 29.22 236.620627  46.151721 24.239 -100.00 -100.00 -100.00
 175     0.927 56394.01158315 29.03 236.622704  46.153929 18.379 -100.00 -100.00 -100.00
 176   155.801 56403.92722412  1.04 236.618265  46.148811  6.123  264.58  265.48  267.43
 176   155.933 56403.92722471  0.73 236.620342  46.151020  5.740  264.58  265.48  267.43
 176   167.769 56403.92722530  0.37 236.622418  46.153228  5.312  264.58  265.48  267.43
 177     1.109 56413.84286249 27.87 236.616948  46.144142 10.732 -100.00 -100.00 -100.00
 177     0.731 56413.84286308 28.40 236.619024  46.146350 10.264 -100.00 -100.00 -100.00
 177     0.532 56413.84286367 29.80 236.621101  46.148559 12.364 -100.00 -100.00 -100.00
 177     0.421 56413.84286426 31.40 236.623178  46.150767 15.924 -100.00 -100.00 -100.00
 178     0.996 56423.75849795 41.84 236.624545  46.146520 24.638 -100.00 -100.00 -100.00
 178     0.691 56423.75849854 46.46 236.626622  46.148728   -100 -100.00 -100.00 -100.00
 179     0.814 56433.67414246 31.63 236.623738  46.146236 18.215 -100.00 -100.00 -100.00
 179     0.771 56433.67414305 31.02 236.625815  46.148444 15.758 -100.00 -100.00 -100.00
 180     2.080 56443.58979370 33.78 236.617150  46.144716 14.539 -100.00 -100.00 -100.00
 180     1.962 56443.58979429 34.97 236.619227  46.146924 17.424 -100.00 -100.00 -100.00
 180     1.946 56443.58979488 35.99 236.621303  46.149132 15.056 -100.00 -100.00 -100.00
 180     1.703 56443.58979547 37.13 236.623380  46.151341 17.237 -100.00 -100.00 -100.00
 181     2.339 56453.50544343 25.57 236.615472  46.146861 14.557 -100.00 -100.00 -100.00
 181     1.844 56453.50544402 24.60 236.617548  46.149069 12.353 -100.00 -100.00 -100.00
 181     1.404 56453.50544461 25.57 236.619625  46.151277 14.213 -100.00 -100.00 -100.00
 181     0.607 56453.50544520 27.79 236.621702  46.153485 19.991 -100.00 -100.00 -100.00
 182     2.131 56463.42109000 39.02 236.615150  46.146005 18.731 -100.00 -100.00 -100.00
 182     1.996 56463.42109059 44.02 236.617226  46.148213 22.660 -100.00 -100.00 -100.00
 182     1.650 56463.42109118 48.15 236.619303  46.150421 30.698 -100.00 -100.00 -100.00
 182     1.495 56463.42109177 52.01 236.621380  46.152629   -100 -100.00 -100.00 -100.00
 184     0.275 56483.25237429 28.36 236.623654  46.146526 26.042  267.48  269.16  269.44
 184     0.069 56483.25237488 28.88 236.625730  46.148734 28.551  267.48  269.16  269.44
 185     1.019 56493.16801081 24.69 236.624111  46.144982 16.980  267.85  269.11  269.97
 185     0.663 56493.16801141 26.60 236.626188  46.147190 23.273  267.85  269.11  269.97
 185     0.248 56493.16801200 27.16 236.628265  46.149398 26.493  267.85  269.11  269.97
 187     1.449 56512.99927874 25.12 236.626155  46.145211 21.006  276.21  278.36  277.74
 187     1.053 56512.99927933 24.05 236.628231  46.147419 16.154  276.21  278.36  277.74
 187     0.561 56512.99927992 27.64 236.630307  46.149627 22.700  276.21  278.36  277.74
 188     1.510 56522.91492775 24.31 236.625467  46.145629 16.114  278.24  279.79  278.93
 188     0.219 56522.91492834 26.71 236.627543  46.147837 24.630  278.24  279.79  278.93
 188     0.231 56522.91492893 29.34 236.629620  46.150045   -100  278.24  279.79  278.93
 189     0.738 56532.83058026 25.91 236.625157  46.145932 12.628 -100.00 -100.00 -100.00
 189     0.524 56532.83058085 27.98 236.627234  46.148140 17.325 -100.00 -100.00 -100.00
 191     0.122 56552.66187353 27.08 236.622422  46.145544 19.879 -100.00 -100.00 -100.00
 191    -0.057 56552.66187412 27.74 236.624499  46.147752 17.954 -100.00 -100.00 -100.00
 191    -0.144 56552.66187471 30.25 236.626576  46.149960 26.214 -100.00 -100.00 -100.00
 192     1.342 56562.57751529 25.96 236.616721  46.143485 18.111 -100.00 -100.00 -100.00
 192     1.017 56562.57751588 24.86 236.618797  46.145693 14.911 -100.00 -100.00 -100.00
 192     0.503 56562.57751647 24.19 236.620874  46.147901 14.757 -100.00 -100.00 -100.00
 192     0.305 56562.57751706 24.74 236.622951  46.150109 16.717 -100.00 -100.00 -100.00
 195     0.270 56592.32443200 30.75 236.623203  46.146040 30.968  261.29  261.70  263.64
 195    -0.071 56592.32443259 39.52 236.625279  46.148248   -100  261.29  261.70  263.64
 195     0.791 56592.32443318 38.04 236.627356  46.150456 29.277  261.29  261.70  263.64
 196     0.304 56602.24008217 44.42 236.622315  46.144870   -100 -100.00 -100.00 -100.00
 196     0.872 56602.24008276 39.59 236.624391  46.147078 20.491 -100.00 -100.00 -100.00
 196     0.485 56602.24008335 39.50 236.626468  46.149286 25.227 -100.00 -100.00 -100.00
 197     0.525 56612.15573163 26.48 236.620835  46.145467 10.567 -100.00 -100.00 -100.00
 197     0.691 56612.15573222 26.31 236.622911  46.147675 11.355 -100.00 -100.00 -100.00
 197     0.194 56612.15573281 28.15 236.624988  46.149883 12.662 -100.00 -100.00 -100.00
 198     1.174 56622.07137640 37.61 236.617432  46.144679 19.797 -100.00 -100.00 -100.00
 198     1.053 56622.07137699 36.22 236.619508  46.146887 14.780 -100.00 -100.00 -100.00
 198     0.807 56622.07137758 38.62 236.621585  46.149095 19.059 -100.00 -100.00 -100.00
 198     0.881 56622.07137817 40.20 236.623661  46.151303 20.412 -100.00 -100.00 -100.00
 199     2.571 56631.98701893 29.86 236.617064  46.145742 20.254 -100.00 -100.00 -100.00
 199     2.261 56631.98701952 26.48 236.619141  46.147950 13.190 -100.00 -100.00 -100.00
 199     1.967 56631.98702011 25.52 236.621217  46.150158 12.501 -100.00 -100.00 -100.00
 199     1.287 56631.98702070 27.44 236.623294  46.152366 14.990 -100.00 -100.00 -100.00
 200     2.214 56641.90265699 31.43 236.618570  46.144230 14.746  259.88  260.68  263.62
 200     1.892 56641.90265758 31.22 236.620647  46.146438 14.668  259.88  260.68  263.62
 200     1.628 56641.90265817 29.61 236.622724  46.148647 10.539  259.88  260.68  263.62
 200     1.485 56641.90265877 30.65 236.624800  46.150855 11.454  259.88  260.68  263.62
 201     0.608 56651.81830711 27.76 236.622961  46.146661 19.027 -100.00 -100.00 -100.00
 201     0.382 56651.81830771 28.94 236.625038  46.148869 23.550 -100.00 -100.00 -100.00
 202     0.894 56661.73395677 32.55 236.621849  46.144689 11.494 -100.00 -100.00 -100.00
 202     0.759 56661.73395736 32.62 236.623926  46.146897 12.588 -100.00 -100.00 -100.00
 202     0.579 56661.73395795 33.23 236.626004  46.149105 14.553 -100.00 -100.00 -100.00
 203     0.433 56671.64960372 39.21 236.621260  46.145343 24.211 -100.00 -100.00 -100.00
 203     0.459 56671.64960431 40.69 236.623337  46.147552 21.989 -100.00 -100.00 -100.00
 203     0.493 56671.64960490 41.49 236.625414  46.149760 22.163 -100.00 -100.00 -100.00
 206   154.824 56701.39652997  1.87 236.617949  46.144210  5.247  260.45  261.13  263.14
 206   154.644 56701.39653056  2.52 236.620025  46.146419  6.670  260.45  261.13  263.14
 206   154.173 56701.39653115  1.25 236.622102  46.148627  6.357  260.45  261.13  263.14
 206   153.741 56701.39653174  2.17 236.624179  46.150835  6.794  260.45  261.13  263.14
 207     1.328 56711.31216504 32.45 236.624869  46.145595  9.556 -100.00 -100.00 -100.00
 207     1.313 56711.31216563 33.45 236.626946  46.147803 12.286 -100.00 -100.00 -100.00
 207     1.204 56711.31216622 34.86 236.629023  46.150011 13.785 -100.00 -100.00 -100.00
 208     0.996 56721.22780889 40.00 236.624001  46.144400 29.107 -100.00 -100.00 -100.00
 208     1.376 56721.22780948 34.98 236.626078  46.146608 14.858 -100.00 -100.00 -100.00
 208     1.171 56721.22781007 34.98 236.628154  46.148816 13.863 -100.00 -100.00 -100.00
 209   -14.735 56731.14346006 21.95 236.619174  46.144087  4.622 -100.00 -100.00 -100.00
 209   -13.866 56731.14346065 21.99 236.621251  46.146295  4.935  260.25  260.90  263.35
 209   -13.042 56731.14346124 22.40 236.623328  46.148503  4.399  260.25  260.90  263.35
 209   -12.950 56731.14346183 22.42 236.625405  46.150711  5.041  260.25  260.90  263.35
 211     1.782 56750.97475247 26.96 236.615444  46.148443 11.648  262.10  263.19  265.25
 211     1.513 56750.97475306 27.66 236.617521  46.150652 11.671  262.10  263.19  265.25
 211     1.028 56750.97475365 29.58 236.619597  46.152860 14.462  262.10  263.19  265.25
 213     2.912 56770.80602325 27.53 236.620026  46.144476 13.140 -100.00 -100.00 -100.00
 213     1.507 56770.80602384 28.82 236.622102  46.146684 17.384 -100.00 -100.00 -100.00
 213     1.157 56770.80602443 29.97 236.624179  46.148892 17.198 -100.00 -100.00 -100.00
 213     0.575 56770.80602502 35.42 236.626256  46.151101   -100 -100.00 -100.00 -100.00
 214     1.506 56780.72167674 28.15 236.618456  46.144313 16.182 -100.00 -100.00 -100.00
 214     1.174 56780.72167733 28.11 236.620533  46.146521 17.496 -100.00 -100.00 -100.00
 214     0.665 56780.72167792 28.65 236.622609  46.148729 22.086 -100.00 -100.00 -100.00
 214     0.699 56780.72167851 29.72 236.624686  46.150937 22.907 -100.00 -100.00 -100.00
 215     1.007 56790.63733189 30.84 236.617170  46.146464  9.648 -100.00 -100.00 -100.00
 215     0.655 56790.63733248 32.30 236.619247  46.148673 13.094 -100.00 -100.00 -100.00
 215     0.432 56790.63733307 33.17 236.621324  46.150881 14.589  266.67  267.01  268.50
 215     0.675 56790.63733366 33.18 236.623401  46.153089 12.816  266.67  267.01  268.50
 216     1.488 56800.55298326 27.81 236.613510  46.146978 17.732 -100.00 -100.00 -100.00
 216     0.877 56800.55298385 27.25 236.615587  46.149186 22.548 -100.00 -100.00 -100.00
 216     0.299 56800.55298444 27.54 236.617664  46.151394 22.214 -100.00 -100.00 -100.00
 216     0.233 56800.55298503 28.82 236.619741  46.153602 24.925 -100.00 -100.00 -100.00
 217     1.930 56810.46862794 27.99 236.612442  46.147335 24.244  263.59  264.43  265.87
 217     1.620 56810.46862853 25.79 236.614518  46.149543 18.028  263.59  264.43  265.87
 217     1.352 56810.46862912 26.63 236.616595  46.151751 20.596  263.59  264.43  265.87
 217     0.603 56810.46862971 27.76 236.618672  46.153959 20.931  263.59  264.43  265.87
 219     2.143 56830.29990380 28.31 236.618111  46.145143 20.907 -100.00 -100.00 -100.00
 219     1.802 56830.29990439 29.02 236.620187  46.147351 20.617 -100.00 -100.00 -100.00
 219     0.747 56830.29990498 30.95 236.622264  46.149559 28.229 -100.00 -100.00 -100.00
 219     1.033 56830.29990557 27.85 236.624341  46.151766 20.966 -100.00 -100.00 -100.00
 220   -14.065 56840.21553721  7.69 236.625045  46.145373  2.080  271.96  273.98  273.11
 220   -13.245 56840.21553780  7.81 236.627121  46.147581  2.304  271.96  273.98  273.11
 220   -12.992 56840.21553839  8.46 236.629198  46.149789  2.822  271.96  273.98  273.11
 222     0.581 56860.04682623 26.29 236.622491  46.145010 21.187  274.87  275.96  275.94
 222     0.441 56860.04682682 25.85 236.624568  46.147218 19.719  274.87  275.96  275.94
 222     0.057 56860.04682741 30.14 236.626644  46.149426 31.965  274.87  275.96  275.94
 223     1.352 56869.96247940 29.00 236.616611  46.143979 29.131  280.34  282.00  281.65
 223     1.357 56869.96247999 25.92 236.618687  46.146187 21.919  280.34  282.00  281.65
 223     0.861 56869.96248058 25.68 236.620763  46.148395 23.310  280.34  282.00  281.65
 223     0.592 56869.96248117 24.78 236.622840  46.150603 16.110  280.34  282.00  281.65
 224     1.890 56879.87813106 28.75 236.616228  46.145848  6.291 -100.00 -100.00 -100.00
 224     1.715 56879.87813165 28.64 236.618304  46.148056  5.530 -100.00 -100.00 -100.00
 224     1.423 56879.87813224 29.12 236.620381  46.150264  5.290 -100.00 -100.00 -100.00
 224     1.193 56879.87813283 29.53 236.622458  46.152472  6.373 -100.00 -100.00 -100.00
 225     1.761 56889.79377873 26.45 236.615905  46.145532 19.883  273.49  273.61  273.76
 225     1.692 56889.79377932 24.85 236.617981  46.147740 17.655  273.49  273.61  273.76
 225     1.128 56889.79377991 24.33 236.620058  46.149948 15.284  273.49  273.61  273.76
 225     0.549 56889.79378050 27.10 236.622135  46.152156 27.068  273.49  273.61  273.76
 226     0.987 56899.70942385 26.22 236.616745  46.146457 15.926 -100.00 -100.00 -100.00
 226     0.588 56899.70942444 23.75 236.618822  46.148665 10.386 -100.00 -100.00 -100.00
 226     0.615 56899.70942503 25.03 236.620899  46.150873 13.442 -100.00 -100.00 -100.00
 226     0.492 56899.70942562 26.25 236.622976  46.153081 13.519  268.26  269.05  268.97
 227     0.687 56909.62506618 28.73 236.614600  46.146342  9.016  265.82  265.84  266.75
 227     0.304 56909.62506677 31.40 236.616676  46.148550 12.542  265.82  265.84  266.75
 227    -0.057 56909.62506736 35.63 236.618753  46.150758 24.487  265.82  265.84  266.75
 227     0.187 56909.62506795 33.79 236.620830  46.152966 16.520  265.82  265.84  266.75
 228    -0.014 56919.54070733 35.27 236.615155  46.148674 18.740 -100.00 -100.00 -100.00
 228     0.130 56919.54070792 36.16 236.617232  46.150882 20.485 -100.00 -100.00 -100.00
 228     0.293 56919.54070851 35.69 236.619309  46.153090 17.583 -100.00 -100.00 -100.00
 229     1.270 56929.45634543 27.31 236.614079  46.146870 23.101  264.29  265.41  266.03
 229     0.998 56929.45634602 26.84 236.616155  46.149078 18.574  264.29  265.41  266.03
 229     0.784 56929.45634661 27.06 236.618231  46.151286 19.640  264.29  265.41  266.03
 229     0.748 56929.45634720 29.04 236.620308  46.153494 25.882  264.29  265.41  266.03
 230     2.276 56939.37197936 40.32 236.616981  46.145464 25.071 -100.00 -100.00 -100.00
 230     1.911 56939.37197995 41.15 236.619057  46.147672   -100 -100.00 -100.00 -100.00
 230     1.624 56939.37198054 41.90 236.621134  46.149880  3.661 -100.00 -100.00 -100.00
 230     1.908 56939.37198113 33.45 236.623210  46.152088 27.608 -100.00 -100.00 -100.00
 231     2.091 56949.28761554 27.31 236.621251  46.144780 13.241 -100.00 -100.00 -100.00
 231     1.876 56949.28761613 26.80 236.623327  46.146988 10.759 -100.00 -100.00 -100.00
 231     1.835 56949.28761672 27.73 236.625403  46.149196 11.648 -100.00 -100.00 -100.00
 232     1.016 56959.20326770 28.60 236.619012  46.144024 16.453 -100.00 -100.00 -100.00
 232     0.496 56959.20326829 32.39 236.621088  46.146232 28.674 -100.00 -100.00 -100.00
 232     0.615 56959.20326888 29.52 236.623164  46.148440 17.028 -100.00 -100.00 -100.00
 232     0.640 56959.20326947 30.43 236.625241  46.150647 18.773 -100.00 -100.00 -100.00
 233     0.535 56969.11891618 36.58 236.621271  46.148338 21.226  260.68  261.99  263.12
 233     0.396 56969.11891677 36.44 236.623348  46.150546 17.739  260.68  261.99  263.12
 234     0.888 56979.03455886 36.87 236.617139  46.144630   -100 -100.00 -100.00 -100.00
 234     0.634 56979.03455946 31.02 236.619215  46.146838 14.687 -100.00 -100.00 -100.00
 234    -0.456 56979.03456005 34.57 236.621292  46.149046 30.968  259.45  258.43  261.71
 234    -0.067 56979.03456064 34.24 236.623369  46.151254 24.813  259.45  258.43  261.71
 235     1.608 56988.95019811 31.78 236.617664  46.143727 28.769 -100.00 -100.00 -100.00
 235     1.416 56988.95019870 27.39 236.619741  46.145936 15.493 -100.00 -100.00 -100.00
 235     1.323 56988.95019929 28.50 236.621817  46.148144 17.886 -100.00 -100.00 -100.00
 235     0.504 56988.95019988 31.17 236.623894  46.150352 28.143  265.36  267.50  269.50
 236     2.070 56998.86583241 26.66 236.625197  46.146384 12.270 -100.00 -100.00 -100.00
 236     1.490 56998.86583300 28.32 236.627274  46.148592 14.953 -100.00 -100.00 -100.00
 237     2.104 57008.78148356 28.83 236.624596  46.146191 18.895  261.36  262.00  263.11
 237     1.979 57008.78148415 30.62 236.626673  46.148399 21.646  261.36  262.00  263.11
 238     2.254 57018.69713598 30.71 236.621632  46.144642 12.155 -100.00 -100.00 -100.00
 238     1.907 57018.69713657 29.51 236.623709  46.146850 11.577 -100.00 -100.00 -100.00
 238     1.617 57018.69713716 31.51 236.625786  46.149059 14.514  259.89  260.92  262.14
 240     0.998 57038.52843314 30.31 236.617763  46.145224 17.195 -100.00 -100.00 -100.00
 240     0.779 57038.52843373 31.62 236.619840  46.147432 22.866 -100.00 -100.00 -100.00
 240     0.976 57038.52843432 31.11 236.621917  46.149640 16.872 -100.00 -100.00 -100.00
 240     0.729 57038.52843491 34.42 236.623994  46.151848 26.449  258.65  259.25  262.45
 241     0.735 57048.44407848 32.90 236.617322  46.145745 29.134 -100.00 -100.00 -100.00
 241     0.825 57048.44407907 26.48 236.619399  46.147953 11.671 -100.00 -100.00 -100.00
 241     0.807 57048.44407966 28.19 236.621475  46.150161 15.075 -100.00 -100.00 -100.00
 241     0.503 57048.44408026 31.56 236.623553  46.152369 20.872 -100.00 -100.00 -100.00
 242     1.629 57058.35971929 34.86 236.616286  46.142889 19.147 -100.00 -100.00 -100.00
 242     1.335 57058.35971988 31.97 236.618362  46.145097 12.902 -100.00 -100.00 -100.00
 242     1.098 57058.35972047 32.80 236.620438  46.147306 14.542 -100.00 -100.00 -100.00
 242     1.141 57058.35972106 34.20 236.622515  46.149514 15.989 -100.00 -100.00 -100.00
 242     0.900 57058.35972165 34.21 236.624592  46.151722 16.976  261.26  263.32  264.65
 243     1.641 57068.27535635 39.46 236.622860  46.146389 25.967 -100.00 -100.00 -100.00
 243     1.465 57068.27535694 39.56 236.624937  46.148598 23.548 -100.00 -100.00 -100.00
 243     1.243 57068.27535753 40.19 236.627013  46.150806 25.537 -100.00 -100.00 -100.00
 244     1.265 57078.19098812 26.68 236.625133  46.145957 17.033  262.23  264.03  265.87
 244     1.115 57078.19098871 26.81 236.627210  46.148166 16.968  262.23  264.03  265.87
 245     0.661 57088.10662239 34.15 236.626212  46.146087 23.198 -100.00 -100.00 -100.00
 245     0.807 57088.10662298 32.52 236.628289  46.148295 17.115  263.41  263.80  266.25
 246     1.158 57098.02227994 28.96 236.617561  46.144184  8.533 -100.00 -100.00 -100.00
 246     1.031 57098.02228053 29.49 236.619637  46.146392  8.451 -100.00 -100.00 -100.00
 246     0.356 57098.02228112 31.42 236.621714  46.148600 13.497 -100.00 -100.00 -100.00
 246     0.634 57098.02228171 31.45 236.623790  46.150808 10.946 -100.00 -100.00 -100.00
 248     1.519 57117.85358662 29.08 236.615332  46.146329 10.158 -100.00 -100.00 -100.00
 248     1.391 57117.85358721 29.22 236.617408  46.148537 10.426 -100.00 -100.00 -100.00
 248     0.954 57117.85358780 30.92 236.619485  46.150746 14.771 -100.00 -100.00 -100.00
 248     0.709 57117.85358839 32.21 236.621562  46.152954 14.321 -100.00 -100.00 -100.00
 249     1.855 57127.76923086 33.30 236.615550  46.144861 13.772 -100.00 -100.00 -100.00
 249     1.792 57127.76923145 32.64 236.617627  46.147069 14.344 -100.00 -100.00 -100.00
 249     1.455 57127.76923204 33.40 236.619704  46.149277 17.646 -100.00 -100.00 -100.00
 249     1.483 57127.76923263 33.30 236.621781  46.151486 15.290  264.18  264.38  265.94
 250     1.911 57137.68486961 40.24 236.616212  46.143724 27.138 -100.00 -100.00 -100.00
 250     1.697 57137.68487020 37.45 236.618288  46.145932 26.011 -100.00 -100.00 -100.00
 250     1.410 57137.68487079 37.75 236.620365  46.148140 28.480 -100.00 -100.00 -100.00
 250     1.511 57137.68487138 43.92 236.622442  46.150349   -100 -100.00 -100.00 -100.00
 250     1.829 57137.68487197 44.33 236.624519  46.152557   -100 -100.00 -100.00 -100.00
