#    1.108  12.121  74.910 ;Mean Elev.(m), Avg Gradient(m/km), RMS Gradient(m/km)
   3 236.761971  46.158210   -51.231   -51.168  6 54682.91607142  6.767
   7 236.759978  46.157780   -85.083   -85.106  4 54722.57865376  5.873
  17 236.762717  46.157943     1.833     1.801  5 54821.73508105 25.995
  18 236.759302  46.158790    68.626    74.282  5 54831.65073299  5.600
  19 236.758123  46.156884     1.930     1.910  5 54841.56637212 49.596
  20 236.756067  46.156964     0.684     0.694  4 54851.48202096 38.767
  21 236.755355  46.157551     0.009    -0.034  4 54861.39766932 42.680
  22 236.756713  46.156275     0.416     0.432  4 54871.31331815 25.729
  23 236.754962  46.157234   -10.007   -10.268  4 54881.22896464 24.930
  24 236.753819  46.156268     1.179     1.238  3 54891.14460829 46.537
  25 236.751574  46.155469     0.739     0.754  4 54901.06024894 38.851
  26 236.750733  46.155466     0.684     0.740  3 54910.97588792 22.732
  27 236.752278  46.155977     0.309     0.353  4 54920.89152600 46.788
  28 236.755846  46.156238     0.171     0.176  4 54930.80716386 34.566
  29 236.759248  46.156048     0.822     0.766  3 54940.72280050 30.227
  30 236.761844  46.155188     1.533     1.602  3 54950.63843552 32.815
  31 236.758947  46.157295     1.702     1.701  5 54960.55407514 48.831
  32 236.757698  46.156927     0.818     0.818  5 54970.46972375 29.059
  33 236.757994  46.157482     0.702     0.717  4 54980.38537098 45.432
  34 236.756645  46.160190    -2.285    -8.764  3 54990.30101732 13.052
  35 236.759782  46.156202     1.562     1.544  4 55000.21666509 28.232
  36 236.758586  46.156287     1.518     1.525  4 55010.13230998 28.037
  37 236.759017  46.155244     0.914     0.914  2 55020.04795368 26.957
  38 236.757594  46.157869     0.019     0.029  4 55029.96359546 24.202
  39 236.759105  46.158296    47.496    47.277  5 55039.87923739 13.897
  40 236.762349  46.158113     0.103     0.037  5 55049.79487834 30.923
  41 236.762223  46.159573     0.027    -0.049  5 55059.71051658 30.865
  43 236.755664  46.157747     0.970     0.994  4 55079.54180635 28.039
  44 236.753885  46.155677    -0.107    -0.166  4 55089.45745403 39.095
  45 236.753250  46.156081    -0.079    -0.175  4 55099.37309999 35.472
  46 236.755546  46.155655     0.172    -0.010  4 55109.28874578 49.516
  48 236.754554  46.156285     1.110     1.073  4 55129.12003145 36.532
  49 236.752252  46.156479     0.529     0.527  4 55139.03567096 37.700
  51 236.758202  46.156047     0.929     0.879  4 55158.86694861 47.403
  52 236.761446  46.158271     0.735     0.719  5 55168.78258671 39.651
  54 236.761825  46.158671     0.864     0.749  6 55188.61386981 36.397
  55 236.758212  46.157796     2.129     2.168  4 55198.52952050 50.214
  56 236.756410  46.157638     1.284     1.483  4 55208.44517015 27.749
  57 236.757839  46.156921     0.940     0.962  4 55218.36081956 43.815
  58 236.758162  46.156440     0.426     0.486  4 55228.27646797 47.113
  59 236.755937  46.156900     0.008     0.016  4 55238.19211296 38.990
  60 236.753236  46.156162    76.757    76.612  4 55248.10775460  2.842
  61 236.750927  46.155254     2.067     2.031  4 55258.02339401 29.649
  63 236.753367  46.156315    47.771    47.822  4 55277.85467145 15.221
  64 236.757908  46.156384     0.803     0.808  4 55287.77030924 46.943
  65 236.760935  46.157236     0.195     0.227  5 55297.68594438 45.463
  67 236.755816  46.155892     1.949     2.010  4 55317.51723299 31.102
  68 236.754414  46.155688     1.059     1.074  4 55327.43287816 27.763
  69 236.756396  46.156084     1.274     1.157  4 55337.34852254 50.051
  70 236.758892  46.157216     0.881     0.820  5 55347.26416632 45.085
  71 236.760782  46.157110     1.190     1.187  5 55357.17980869 26.740
  72 236.759986  46.157528     1.086     1.083  4 55367.09544873 30.993
  74 236.759976  46.158923     1.250     1.226  5 55386.92672536 22.086
  75 236.761185  46.161193     0.141     0.141  2 55396.84236234 24.211
  77 236.761941  46.158633    -0.135    -0.194  6 55416.67365681 42.535
  78 236.757421  46.157197    -0.182    -0.177  4 55426.58930461 31.393
  79 236.753605  46.156323     1.326     1.286  4 55436.50494954 24.775
  80 236.752459  46.156008    48.145    48.335  4 55446.42059312 21.836
  81 236.753835  46.156369     1.166     1.274  3 55456.33623614 31.849
  82 236.756828  46.156526     0.260     0.051  4 55466.25187862 47.547
  83 236.758504  46.157232     0.130     0.158  4 55476.16751777 48.476
  84 236.759302  46.156846     0.441     0.542  5 55486.08315391 40.308
  85 236.758522  46.157177     1.656     1.646  5 55495.99878776 27.048
  86 236.759959  46.157430     1.882     1.857  5 55505.91442280 26.665
  87 236.759413  46.157839     1.499     1.521  5 55515.83007342 49.206
  88 236.761001  46.157909     0.760     0.634  5 55525.74572343 30.143
  89 236.761126  46.157696     1.033     1.205  5 55535.66137138 51.635
  90 236.759392  46.157310     1.505     1.408  5 55545.57701703 49.178
  91 236.756732  46.157671     0.365     0.827  4 55555.49266051 36.862
  92 236.756860  46.157125     1.487     1.424  4 55565.40830335 36.172
  93 236.758939  46.156951     0.963     0.968  4 55575.32394558 41.113
  94 236.760293  46.157097     1.440     1.432  5 55585.23958597 46.580
  95 236.760853  46.157100     0.828     0.830  5 55595.15522300 48.517
  98 236.761462  46.157895    57.338    61.923  5 55624.90212865  5.547
  99 236.760319  46.157339    61.293    63.956  5 55634.81778134  3.785
 100 236.759414  46.157301     1.402     1.391  5 55644.73343179 41.956
 101 236.758276  46.157054     1.197     1.175  5 55654.64907945 35.648
 102 236.756866  46.156708     0.561     0.613  4 55664.56472251 43.201
 103 236.755288  46.157131    48.044    48.343  4 55674.48036227 18.539
 104 236.756009  46.157480    48.947    49.005  4 55684.39600046 14.283
 105 236.759596  46.157946    49.331    49.143  5 55694.31163756 11.886
 108 236.762217  46.158722     1.595     1.595  5 55724.05856790 24.329
 109 236.759556  46.158571     1.033     1.045  5 55733.97421477 25.643
 110 236.758937  46.157807    50.492    50.696  5 55743.88986079  7.755
 111 236.758693  46.157751   -10.315   -10.370  4 55753.80550534 15.371
 112 236.759584  46.157065     1.172     1.199  4 55763.72114786 31.547
 113 236.759286  46.156963     1.140     1.154  4 55773.63678735 49.264
 114 236.759062  46.156287    46.770    46.724  4 55783.55242350 19.167
 115 236.759033  46.158109    47.379    47.238  5 55793.46805656 18.597
 117 236.761338  46.158894     1.342     1.242  5 55813.29934154 26.088
 118 236.760959  46.158463    60.418    64.883  6 55823.21498915  5.587
 119 236.760862  46.157629     0.744     0.727  5 55833.13063212 27.339
 120 236.760508  46.157745     0.357     0.379  5 55843.04627072 26.387
 121 236.764300  46.155222     0.635     0.652  3 55852.96190731 32.732
 123 236.762890  46.157826    47.250    47.150  5 55872.79319680 14.726
 133 236.756638  46.155934     0.446     0.420  4 55971.94963447 44.473
 134 236.759470  46.157685    68.797    74.405  5 55981.86527078 11.714
 136 236.762135  46.158408     2.163     2.239  5 56001.69655305 27.973
 137 236.758534  46.157012     1.732     1.782  4 56011.61220332 40.228
 138 236.756315  46.155986     2.332     2.334  4 56021.52784982 45.597
 139 236.755507  46.156565     1.478     1.460  4 56031.44349307 43.650
 141 236.760501  46.158214     1.944     1.936  6 56051.27477331 28.052
 142 236.760532  46.161877     1.886     1.812  3 56061.19040871 39.942
 144 236.761793  46.158024     1.081     1.143  5 56081.02169790 25.875
 145 236.760445  46.157263    47.719    47.936  5 56090.93734594 19.520
 146 236.760706  46.157236     1.076     1.087  5 56100.85299169 42.696
 147 236.760014  46.157934     1.078     1.071  5 56110.76862311 32.013
 148 236.759928  46.157338     1.089     1.335  4 56120.68426313 28.981
 150 236.759504  46.157984     1.199     1.196  5 56140.51553296 35.310
 151 236.758006  46.157363     0.239     0.228  4 56150.43118378 39.343
 153 236.761177  46.156471     0.354     0.327  4 56170.26248027 26.727
 154 236.759899  46.157068     0.999     0.937  5 56180.17812341 26.677
 155 236.758103  46.157039     1.458     1.523  5 56190.09376262 24.154
 156 236.757421  46.157311     1.358     1.310  4 56200.00939904 23.737
 157 236.761108  46.157676     0.150     0.186  5 56209.92503355 25.542
 161 236.760546  46.158929    48.861    49.297  3 56249.58761838 12.286
 162 236.759158  46.157963     1.339     1.334  4 56259.50326319 27.662
 163 236.759921  46.157789     1.307     1.346  5 56269.41890518 48.992
 164 236.760298  46.159187     1.300     1.336  5 56279.33454502 48.068
 166 236.757704  46.156539     1.342     1.264  4 56299.16584382 38.133
 168 236.752301  46.156322     1.247     1.246  4 56318.99712976 37.434
 169 236.754242  46.156169     1.095     1.108  3 56328.91277118 29.474
 170 236.757249  46.157833    47.048    47.140  4 56338.82841160 24.164
 171 236.760766  46.159204     0.929     0.999  5 56348.74405013 22.116
 172 236.762555  46.159377     1.368     1.373  4 56358.65968576 49.692
 173 236.758872  46.156387    57.994    58.600  4 56368.57533683  7.534
 175 236.754491  46.156434     1.792     1.775  4 56388.40662978 38.314
 176 236.757619  46.157792     0.872     0.891  4 56398.32227304 36.765
 177 236.761198  46.158645     0.450     0.456  5 56408.23791394 38.322
 178 236.760539  46.161975     0.690     0.690  2 56418.15354984 40.569
 180 236.760046  46.157825     1.680     1.676  4 56437.98483643 26.538
 181 236.757790  46.156820     1.038     1.040  4 56447.90048782 26.099
 182 236.757539  46.156929     0.032     0.050  4 56457.81613707 39.398
 183 236.758013  46.155894     0.879     0.802  4 56467.73178339 44.168
 184 236.755406  46.157550     0.126     0.116  4 56477.64742484 26.516
 185 236.755856  46.156017     1.137     1.115  4 56487.56306333 29.790
 187 236.759102  46.158391    48.763    49.686  5 56507.39433259  6.430
 189 236.761105  46.161357     0.344     0.344  2 56527.22562268 26.395
 190 236.762080  46.157861     0.117     0.123  5 56537.14127319 29.447
 192 236.756600  46.156273    -8.542    -8.579  4 56556.97256242 15.832
 193 236.756815  46.157221     0.865     1.022  4 56566.88820495 31.678
 194 236.761109  46.157426     0.379     0.424  5 56576.80384674 44.042
 197 236.761599  46.158798     0.662     0.685  5 56606.55077654 44.268
 199 236.758876  46.156701     1.354     1.373  4 56626.38206733 43.550
 200 236.760059  46.157298     0.618     0.657  5 56636.29770800 39.271
 201 236.761629  46.158056     0.152     0.203  5 56646.21334793 42.324
 202 236.758950  46.156705    -0.063    -0.062  4 56656.12900007 39.048
 203 236.755829  46.155897     0.459     0.445  4 56666.04464781 42.005
 205 236.755201  46.155940     1.413     1.471  4 56685.87593771 30.397
 206 236.757585  46.156862     1.135     1.248  4 56695.79158039 29.675
 208 236.761510  46.160544     0.774     0.800  3 56715.62285074 40.602
 209 236.758062  46.157629   161.959   161.959  2 56725.53850458 15.776
 212 236.758842  46.157435     1.221     1.224  5 56755.28544227 33.360
 213 236.762277  46.159562     1.409     1.471  5 56765.20107834 26.470
 215 236.759419  46.157382     0.604     0.609  4 56785.03237322 24.806
 216 236.754062  46.157353     0.776     0.780  4 56794.94802594 28.231
 217 236.752591  46.156102     1.401     1.574  3 56804.86367555 31.716
 221 236.759134  46.157630     0.764     0.751  5 56844.52622448 49.212
 222 236.759634  46.157248     1.071     1.111  5 56854.44186900 29.114
 223 236.758787  46.156266     1.321     1.403  4 56864.35752257 35.498
 225 236.756338  46.156187     0.946     0.983  4 56884.18882466 33.989
 226 236.754490  46.156939     0.323     0.255  4 56894.10447075 24.423
 227 236.754187  46.156050     0.158     0.009  3 56904.02011418 26.656
 228 236.754084  46.156241     0.625     0.636  3 56913.93575558 29.122
 229 236.756372  46.156724     0.974     0.875  5 56923.85139555 27.323
 230 236.760077  46.157912     1.072     1.042  4 56933.76703302 27.163
 232 236.761420  46.160867     0.870     0.916  3 56953.59831177 36.087
 233 236.759963  46.157576     0.262     0.314  4 56963.51396261 44.379
 234 236.757902  46.157260    -0.299    -0.310  4 56973.42960790 32.811
 235 236.762286  46.153574     1.262     1.262  2 56983.34524997 34.150
 236 236.761090  46.158146    48.839    49.091  5 56993.26088521 15.277
 237 236.762964  46.158520     1.810     1.812  5 57003.17652150 26.468
 238 236.759255  46.156302     1.466     1.550  4 57013.09217800 33.655
 239 236.755294  46.156837     0.980     1.000  4 57023.00782873 43.064
 240 236.755043  46.157164     0.663     0.683  4 57032.92347741 30.265
 241 236.757773  46.156171     2.328     2.298  4 57042.83912449 42.853
 243 236.759303  46.156936     2.085     1.968  5 57062.67040888 34.049
 244 236.759738  46.157953     1.710     1.640  5 57072.58604342 49.373
 245 236.762668  46.158751     0.359     0.328  6 57082.50167415 40.653
 246 236.761246  46.160791     1.113     0.997  4 57092.41732021 50.294
 247 236.761552  46.158316     1.393     1.142  5 57102.33297772 43.601
 248 236.760448  46.158084     1.168     1.045  5 57112.24863106 47.164
 250 236.759069  46.156468     0.986     0.998  4 57132.07992070 31.241
