#    2.174 -27.577  68.221 ;Mean Elev.(m), Avg Gradient(m/km), RMS Gradient(m/km)
   1 236.650017  46.175565   137.128   137.128  2 54668.68974468  7.210
   3 236.647645  46.176655   -29.852   -22.870  3 54688.52103169 18.715
   5 236.651849  46.175837   -14.977   -14.977  2 54708.35231543 11.015
   7 236.650556  46.175294   -12.940   -12.898  3 54728.18361577 20.435
   9 236.647818  46.178808   137.424   137.589  3 54748.01491144  8.722
  17 236.649662  46.175046     0.527     0.659  3 54827.34004704 27.250
  18 236.648021  46.176513     1.826     1.797  4 54837.25568610 50.560
  19 236.645554  46.178352     1.164     1.173  3 54847.17133558 29.210
  20 236.643946  46.180189     0.896     0.898  3 54857.08698471 50.049
  21 236.642693  46.181103     0.032     0.027  3 54867.00263383 46.461
  22 236.643704  46.181871     0.253     0.169  3 54876.91828257 24.848
  23 236.644214  46.179634     1.781     1.810  3 54886.83392769 28.318
  24 236.645790  46.178975     1.657     1.714  3 54896.74956972 29.297
  25 236.647132  46.179717     1.022     1.090  3 54906.66520917 28.536
  26 236.646213  46.178466     0.634     0.624  3 54916.58084668 33.705
  27 236.646974  46.178298     0.549     0.590  3 54926.49648427 44.613
  28 236.648427  46.176819     1.041     0.952  3 54936.41212103 29.196
  29 236.651446  46.175100     1.580     1.580  2 54946.32775601 29.370
  33 236.649752  46.175311     1.145     1.223  3 54985.99033254 38.777
  34 236.648552  46.175815   -12.364   -12.375  3 54995.90598046 10.999
  35 236.647727  46.176050     0.322     0.310  4 55005.82162677 40.051
  36 236.647435  46.177169     0.474     0.495  3 55015.73727100 32.835
  37 236.646595  46.178133     0.959     0.993  3 55025.65291364 30.505
  38 236.646327  46.179770     0.668     0.810  3 55035.56855583 26.926
  39 236.647203  46.179438     0.252     0.310  3 55045.48419693 27.918
  40 236.649555  46.176764     0.183     0.158  3 55055.39983592 35.739
  43 236.649719  46.175500     1.476     1.413  3 55085.14676854 46.443
  44 236.647463  46.177372     1.153     1.123  4 55095.06241514 31.469
  45 236.646475  46.177944     0.469     0.407  3 55104.97806153 29.793
  46 236.646752  46.177534     0.311     0.337  3 55114.89370765 30.856
  47 236.648583  46.177081     0.552     0.441  4 55124.80935147 30.373
  48 236.649213  46.175754     1.404     1.340  3 55134.72499225 45.758
  49 236.649866  46.175689     1.236     0.983  3 55144.64063096 29.283
  50 236.648897  46.175296     1.492     1.507  3 55154.55626862 30.147
  51 236.649266  46.175516     0.417     0.389  3 55164.47190673 42.761
  52 236.650647  46.175388     0.030     0.169  3 55174.38754464 32.372
  54 236.649407  46.175268     0.246     0.172  3 55194.21883467 31.951
  55 236.646974  46.178194     0.873     0.938  3 55204.13448491 30.349
  56 236.644448  46.180048     1.313     1.431  3 55214.05013441 31.173
  57 236.644618  46.181572     0.806     0.668  3 55223.96578368 28.068
  58 236.645338  46.180163     0.944     0.920  3 55233.88143083 49.355
  59 236.647149  46.177609     0.398     0.424  3 55243.79707459 40.238
  60 236.647913  46.176631     0.938     0.885  3 55253.71271534 30.556
  61 236.647118  46.177540     1.411     1.338  4 55263.62835409 34.702
  62 236.647105  46.179491     1.467     1.495  3 55273.54399200 47.438
  63 236.647640  46.178322     1.631     1.718  4 55283.45962893 31.449
  64 236.649946  46.175035     0.994     0.891  3 55293.37526426 48.407
  68 236.649025  46.175865     1.191     1.051  3 55333.03783762 27.937
  69 236.648026  46.177265     1.455     1.505  4 55342.95348199 28.776
  70 236.648216  46.177072     0.977     0.956  4 55352.86912586 29.890
  71 236.648411  46.175827     0.654     0.621  4 55362.78476733 33.107
  72 236.649583  46.176658     0.176     0.167  3 55372.70040726 33.587
  74 236.648575  46.176266     1.834     1.601  3 55392.53168262 28.772
  75 236.651079  46.175719     1.492     1.492  2 55402.44731852 27.568
  76 236.652626  46.176306     0.183     0.183  2 55412.36296981 29.490
  79 236.649000  46.175184     1.843     1.854  3 55442.10990973 38.015
  80 236.647523  46.177592     1.849     1.934  4 55452.02555340 35.009
  81 236.647098  46.177949     1.545     1.524  3 55461.94119610 29.819
  82 236.649661  46.176928     0.785     0.876  3 55471.85683723 31.198
  87 236.648818  46.175966     1.759     1.775  4 55521.43503827 41.748
  88 236.648348  46.177388     1.383     1.314  4 55531.35068672 52.225
  89 236.647154  46.176166     0.466     0.479  4 55541.26633307 41.842
  90 236.647074  46.176504     0.731     0.709  4 55551.18197780 33.777
  91 236.646712  46.178519     0.297     0.309  3 55561.09762144 49.629
  92 236.646379  46.179784     0.827     0.859  3 55571.01326426 31.109
  93 236.646671  46.178887     2.551     2.566  3 55580.92890572 40.074
  94 236.649050  46.176479     2.266     2.268  3 55590.84454406 47.628
  99 236.650371  46.176078     2.890     2.856  3 55640.42274640 51.550
 100 236.650342  46.174957     1.788     1.788  2 55650.33839420 30.731
 104 236.650875  46.175808     1.053     1.053  2 55690.00095732 28.251
 105 236.650788  46.175146     1.768     1.578  3 55699.91659336 26.875
 107 236.651553  46.176117     1.654     1.654  2 55719.74788307 28.389
 108 236.649379  46.176322     1.776     1.849  3 55729.66353092 47.646
 109 236.647886  46.176822     1.167     1.073  4 55739.57917739 46.986
 110 236.647405  46.177653     0.821     0.836  3 55749.49482271 29.305
 111 236.648078  46.177260     2.475     2.453  3 55759.41046550 49.775
 112 236.650678  46.176705     1.588     1.589  3 55769.32610565 31.092
 123 236.649943  46.176247     1.013     0.876  3 55878.39816240 28.047
 133 236.651814  46.176025     0.809     0.809  2 55977.55459209 29.213
 141 236.648785  46.175319     0.462     0.367  3 56056.87973010 31.641
 143 236.650939  46.175602     1.550     1.550  2 56076.71101230 42.031
 144 236.648050  46.176342     2.165     2.163  4 56086.62666108 40.729
 145 236.647004  46.176867     0.965     1.011  4 56096.54230744 31.555
 146 236.647418  46.176012     1.257     1.211  4 56106.45795149 50.152
 147 236.650251  46.175568     0.488     0.488  2 56116.37358139 31.956
 151 236.651682  46.175428     0.849     0.849  2 56156.03614609 26.771
 152 236.650446  46.176108     0.481     0.476  3 56165.95179504 31.620
 153 236.650482  46.175756     0.240     0.240  2 56175.86744164 30.410
 154 236.652259  46.175625     0.722     0.722  2 56185.78308338 28.762
 159 236.651168  46.175427     0.197     0.197  2 56235.36128242 51.530
 160 236.650016  46.175627     0.611     0.615  3 56245.27693377 49.067
 161 236.648986  46.176106     1.227     1.166  3 56255.19258021 49.665
 162 236.647809  46.176714   137.066   136.964  3 56265.10822281 11.532
 165 236.649338  46.176761     0.179     0.219  3 56294.85516061 29.138
 166 236.650325  46.176168     0.386     0.257  3 56304.77080739 31.542
 167 236.648897  46.175317     1.334     1.326  3 56314.68645005 29.143
 168 236.648593  46.177262     2.066     2.136  4 56324.60209115 41.764
 169 236.647764  46.177039     1.829     1.902  4 56334.51773090 51.385
 170 236.649469  46.175942     0.928     0.944  4 56344.43336987 34.908
 173 236.652099  46.175913     0.581     0.581  2 56374.18029962 30.046
 175 236.646603  46.179318     1.167     1.039  4 56394.01158994 30.244
 177 236.647074  46.176158     0.360     0.430  4 56413.84287105 31.637
 178 236.652596  46.176327     0.578     0.578  2 56423.75850592 47.000
 179 236.651789  46.176043     0.902     0.902  2 56433.67415043 52.432
 180 236.647278  46.176730     2.031     2.085  4 56443.58980226 45.911
 181 236.646639  46.179978     1.284     1.470  3 56453.50545229 25.971
 182 236.646316  46.179121     1.496     1.458  3 56463.42109885 50.540
 184 236.650665  46.175223     0.258     0.098  3 56483.25238196 31.956
 191 236.650474  46.175348     0.165     0.165  2 56552.66188150 29.432
 192 236.647886  46.176601     0.582     0.615  3 56562.57752415 27.806
 194 236.647392  46.177970     1.235     1.231  3 56582.40880504 29.460
 195 236.651249  46.175844     0.188     0.188  2 56592.32443997 37.711
 196 236.650361  46.174674     0.313     0.313  2 56602.24009014 49.674
 197 236.649922  46.176375     0.344     0.337  3 56612.15573989 34.971
 198 236.647557  46.176691     1.282     1.294  4 56622.07138496 50.636
 199 236.647191  46.177756     2.134     2.202  4 56631.98702749 30.096
 200 236.648697  46.176246     1.748     1.786  4 56641.90266555 36.447
 201 236.649975  46.175364     0.609     0.618  3 56651.81831479 28.631
 202 236.650944  46.175600     0.383     0.465  3 56661.73396503 34.624
 203 236.650357  46.176254     0.741     0.780  3 56671.64961199 50.839
 205 236.647318  46.178007     1.988     1.883  3 56691.48089975 51.584
 209 236.649304  46.176100   -12.737   -12.761  4 56731.14346862 23.542
 211 236.644535  46.179355     1.482     1.450  3 56750.97476074 28.986
 213 236.649113  46.175389     1.359     1.314  3 56770.80603151 29.830
 214 236.648585  46.176329     0.977     0.973  4 56780.72168530 30.100
 215 236.647302  46.178479     0.949     0.886  4 56790.63734045 48.448
 216 236.644681  46.180095     0.581     0.608  3 56800.55299211 31.826
 217 236.643610  46.180452     1.130     1.164  3 56810.46863680 28.373
 219 236.648237  46.177153     1.270     1.413  4 56830.29991236 27.776
 222 236.650539  46.174813     0.433     0.433  2 56860.04683420 30.644
 223 236.647774  46.177094     1.024     1.169  3 56869.96248825 28.347
 224 236.647393  46.178963     1.762     1.755  3 56879.87813991 51.189
 225 236.647072  46.178648     1.122     1.044  3 56889.79378758 27.619
 226 236.646876  46.178469     0.592     0.605  4 56899.70943241 31.463
 227 236.645769  46.179457     0.477     0.500  3 56909.62507503 48.559
 228 236.644246  46.179582     0.216     0.149  3 56919.54071560 49.947
 229 236.645243  46.179986     0.601     0.628  3 56929.45635429 27.918
 230 236.647103  46.177477     1.472     1.429  4 56939.37198792 30.924
 231 236.650333  46.175688     1.891     1.836  3 56949.28762380 40.376
 232 236.649135  46.176035     0.783     0.793  4 56959.20327626 35.493
 233 236.647242  46.175933     0.817     0.759  4 56969.11892356 50.825
 234 236.647264  46.176642     0.480     0.461  4 56979.03456743 35.485
 235 236.648829  46.176845     1.466     1.468  3 56988.95020696 28.306
 237 236.652648  46.175997     1.881     1.881  2 57008.78149153 26.951
 238 236.650725  46.175553     2.108     2.127  3 57018.69714424 39.173
 239 236.649355  46.176290     1.084     1.095  4 57028.61279388 32.193
 240 236.647895  46.177238     0.832     0.798  4 57038.52844170 30.503
 241 236.647452  46.177759     0.454     0.479  4 57048.44408704 34.579
 242 236.648490  46.177111     1.494     1.512  4 57058.35972844 49.300
 243 236.649871  46.175091     1.636     1.596  3 57068.27536402 49.733
 246 236.647686  46.176199     0.798     0.775  4 57098.02228850 50.500
 247 236.645977  46.178880     0.102     0.043  3 57107.93794461 37.873
 248 236.646499  46.179450     0.687     0.822  3 57117.85359547 28.855
 249 236.646718  46.177981     1.675     1.596  3 57127.76923971 47.057
 250 236.647379  46.176844     1.750     1.677  3 57137.68487846 49.370
